@relation dkpro-tc-generated

@attribute DKProTCInstanceID string
@attribute nrOfMatches_AmplifierWordu46Amplifier numeric
@attribute nrOfMatches_BeWordu46BeAsMainVerb numeric
@attribute nrOfMatches_CausativeAdverbialSubordinatorWordu46CausativeAdverbialSubordinator numeric
@attribute nrOfMatches_ConcessiveAdverbialSubordinatorWordu46ConcessiveAdverbialSubordinator numeric
@attribute nrOfMatches_ConditionalAdverbialSubordinatorWordu46ConditionalAdverbialSubordinator numeric
@attribute nrOfMatches_DemonstrativeWordu46Demonstrative numeric
@attribute nrOfMatches_DowntonerWordu46Downtoner numeric
@attribute nrOfMatches_EmphaticWordu46Emphatic numeric
@attribute nrOfMatches_HedgeWordu46Hedge numeric
@attribute nrOfMatches_InfinitiveWordu46Infinitive numeric
@attribute nrOfMatches_OtherAdverbialSubordinatorWordu46OtherAdverbialSubordinator numeric
@attribute nrOfMatches_PassivesWordu46AgentlessPassive numeric
@attribute nrOfMatches_PassivesWordu46ByPassive numeric
@attribute nrOfMatches_PronounWordu46ItPronoun numeric
@attribute nrOfMatches_ThatComplementWordu46ThatAdjectiveComplement numeric
@attribute nrOfMatches_ThatComplementWordu46ThatVerbComplement numeric
@attribute nrOfMatches_WHClauseWordu46WH_Clause numeric
@attribute outcome {10,11,12,2,3,4,5,6,7,8,9}

@data

{0 997_0_1000_1,1 6,3 1,6 16,7 3,8 5,14 4,16 2,18 12}
{0 998_0_1001_1,1 1,3 2,5 3,6 7,8 2,14 7,16 1,17 4,18 8}
{0 999_0_1002_1,1 1,3 2,5 1,6 6,7 1,8 3,9 1,14 6,16 1,18 8}
{0 1000_0_1003_1,3 1,5 3,6 7,8 4,11 1,14 3,16 2,18 9}
{0 1001_0_1004_1,6 4,7 1,8 2,14 3,16 2,18 6}
{0 1002_0_1005_1,1 1,6 4,8 1,11 1,16 2,17 1,18 9}
{0 1003_0_1006_1,1 1,3 1,6 16,7 1,8 2,9 1,14 1,16 2,18 8}
{0 1004_0_1007_1,1 1,6 11,7 1,8 3,11 1,14 2,16 1,17 1}
{0 1005_0_1008_1,1 3,3 4,6 8,8 11,16 1}
{0 1006_0_1009_1,1 2,3 3,5 5,6 15,7 2,8 3,16 2,17 1,18 8}
{0 99_0_100_1,3 1,5 1,6 2,8 1,14 1,18 7}
{0 1007_0_1010_1,1 1,3 3,6 5,8 6,18 8}
{0 1008_0_1011_1,1 2,3 3,5 1,6 11,8 3,14 3,16 1,17 1,18 8}
{0 1009_0_1012_1,1 1,3 2,6 11,8 3,14 6,16 1,18 9}
{0 1010_0_1013_1,3 4,5 1,6 10,8 7,14 4,16 1,18 7}
{0 1011_0_1014_1,5 2,6 9,7 1,8 2,14 2,16 3,18 8}
{0 1012_0_1015_1,1 1,3 1,5 4,6 16,8 4,9 2,11 1,16 2}
{0 1013_0_1016_1,1 1,3 2,5 1,6 6,7 1,8 4,14 4,16 1,18 8}
{0 1014_0_1017_1,1 1,3 2,6 8,8 2,14 2,16 3,18 8}
{0 1015_0_1018_1,1 2,3 1,5 1,6 8,7 3,8 1,11 1,14 7,16 2,17 1}
{0 1016_0_1019_1,1 2,3 4,5 1,6 9,7 1,8 3,11 1,14 7,16 1}
{0 100_0_101_1,1 1,3 4,6 6,8 5,14 1,16 3,17 1}
{0 1017_0_1020_1,3 1,5 5,6 12,8 2,14 3,16 2,17 2,18 8}
{0 1018_0_1021_1,3 3,6 11,8 3,14 13,16 2,18 9}
{0 1019_0_1022_1,1 2,3 4,5 2,6 10,7 1,8 8,9 1,14 6,16 1,18 11}
{0 1020_0_1023_1,1 1,3 3,5 1,6 5,8 4,16 3,18 8}
{0 1021_0_1024_1,1 1,5 1,6 9,8 9,14 7,17 1,18 9}
{0 1022_0_1025_1,3 2,5 4,6 7,7 1,8 2,11 2,14 1,16 1,17 2,18 8}
{0 1023_0_1026_1,5 1,6 12,8 7,9 1,16 1,17 1}
{0 1024_0_1027_1,3 1,5 1,6 6,7 2,8 4,9 2,11 1,16 1,17 1,18 8}
{0 1025_0_1028_1,1 7,3 1,5 2,6 7,8 10,11 1,14 8,16 1,17 3}
{0 1026_0_1029_1,3 3,4 1,5 2,6 14,7 2,8 4,14 5,16 1}
{0 101_0_102_1,5 2,6 13,7 1,8 2,9 3,11 3,14 6,16 1,17 1,18 8}
{0 1027_0_1030_1,3 1,6 9,8 2,14 4,16 3,18 8}
{0 1028_0_1031_1,1 1,3 2,4 1,6 17,8 5,11 1,14 4,16 1,17 1,18 9}
{0 1029_0_1032_1,1 1,3 1,5 1,6 4,8 10,11 1,14 5,18 8}
{0 1030_0_1033_1,1 1,5 1,6 3,7 4,8 4,9 1,11 4,14 4}
{0 1031_0_1034_1,3 2,4 1,5 4,6 19,7 1,8 4,14 4,16 3,18 8}
{0 1032_0_1035_1,1 2,6 4,7 1,8 3,9 1,11 1,14 3,18 8}
{0 1033_0_1036_1,3 1,4 1,5 2,6 10,7 1,8 1,16 4,18 9}
{0 1034_0_1037_1,6 8,8 1,9 1,14 1,17 1,18 8}
{0 1035_0_1038_1,5 5,6 6,8 11,14 6,16 1,17 1,18 11}
{0 1036_0_1039_1,3 1,5 2,6 12,8 4,14 3,18 8}
{0 102_0_103_1,3 4,6 9,7 1,8 5,14 1,16 2,17 1,18 9}
{0 1037_0_1040_1,1 1,6 4,18 6}
{0 1038_0_1041_1,3 3,5 2,6 10,8 1,9 2,14 9,16 2,18 6}
{0 1039_0_1042_1,1 1,5 2,6 2,8 1,11 2,14 3,18 8}
{0 1040_0_1043_1,1 1,3 3,5 3,6 9,8 11,14 5,16 2,18 9}
{0 1041_0_1044_1,3 2,6 4,8 2,14 1,17 1,18 7}
{0 1042_0_1045_1,1 4,3 1,4 1,5 2,6 1,7 1,8 3,9 1,14 1,18 9}
{0 1043_0_1046_1,1 3,6 8,8 2,14 2,16 2,18 9}
{0 1044_0_1047_1,5 1,6 16,7 4,8 4,9 1,16 3,18 11}
{0 1045_0_1048_1,1 1,3 4,5 2,6 16,7 1,8 4,11 1,14 1,16 4}
{0 1046_0_1049_1,3 3,4 1,5 3,6 14,7 1,8 6,16 1,17 3}
{0 103_0_104_1,3 3,5 5,6 4,8 3,11 1,14 5,16 2,17 1}
{0 1047_0_1050_1,1 2,3 1,5 1,6 9,7 5,8 2,11 1,14 2,17 1,18 11}
{0 1048_0_1051_1,3 5,5 5,6 7,7 1,8 3,11 1,14 5,16 1,18 7}
{0 1049_0_1052_1,3 3,5 2,6 7,7 1,8 3,14 4,16 1,18 9}
{0 1050_0_1053_1,3 1,5 2,6 9,7 1,8 15,14 4,16 3,17 1,18 9}
{0 1051_0_1054_1,1 2,3 2,6 1,14 2,18 8}
{0 1052_0_1055_1,5 1,6 8,8 3,9 2,11 1,14 7,18 8}
{0 1053_0_1056_1,5 1,6 4,8 2,14 4,16 1,18 6}
{0 1054_0_1057_1,3 4,5 2,6 10,8 9,14 4}
{0 1055_0_1058_1,1 1,3 2,5 1,6 8,7 1,8 8,14 5,16 4,17 1,18 8}
{0 1056_0_1059_1,3 5,5 4,6 8,8 7,14 1,16 2,18 8}
{0 104_0_105_1,6 12,8 8,11 1,18 9}
{0 1057_0_1060_1,3 2,5 1,6 7,8 5,14 8,16 2,18 8}
{0 1058_0_1061_1,3 4,5 1,6 6,7 1,8 2,16 2,17 1,18 8}
{0 1059_0_1062_1,3 1,5 1,6 16,8 2,14 2,16 3,17 1}
{0 1060_0_1063_1,1 2,5 6,6 3,8 3,14 8}
{0 1061_0_1064_1,6 9,7 1,9 1,11 1,14 5,16 3,18 9}
{0 1062_0_1065_1,3 7,6 7,8 2,14 1,16 2,18 7}
{0 1063_0_1066_1,1 1,3 1,5 1,6 9,8 4,14 5,16 3,18 9}
{0 1064_0_1067_1,1 1,6 9,8 2,14 1,16 1,18 9}
{0 1065_0_1068_1,1 1,5 2,6 11,7 1,8 9,11 2,14 7,18 9}
{0 1066_0_1069_1,1 9,3 5,4 1,5 1,6 6,8 3,14 3}
{0 105_0_106_1,1 1,5 3,6 6,7 1,8 5,14 1,16 2,17 1,18 11}
{0 1067_0_1070_1,3 3,6 6,8 7,16 1,18 7}
{0 1068_0_1071_1,3 2,5 1,6 7,8 8,14 2,16 4,17 1,18 8}
{0 1069_0_1072_1,4 1,6 3,8 7,14 1,16 1,18 8}
{0 1070_0_1073_1,1 1,3 7,5 2,6 11,8 5,14 10,16 2,18 8}
{0 1071_0_1074_1,1 3,3 2,5 3,6 5,8 5,16 1,17 1,18 8}
{0 1072_0_1075_1,1 1,3 1,5 2,6 6,7 2,8 1,11 2,14 4,16 1,18 8}
{0 1073_0_1076_1,1 4,5 1,6 18,7 1,8 6,9 1,11 1,14 12,16 4}
{0 1074_0_1077_1,3 4,5 3,6 4,8 1,14 3,16 1,18 8}
{0 1075_0_1078_1,1 1,3 4,4 1,5 2,6 8,7 2,8 4,11 1,16 5,18 12}
{0 1076_0_1079_1,3 1,5 1,6 13,14 2,16 3,17 1,18 8}
{0 106_0_107_1,1 1,3 8,5 1,6 14,8 4,11 3,14 9,16 2,17 2}
{0 1077_0_1080_1,3 1,6 9,8 4,9 1,18 8}
{0 1078_0_1081_1,6 7,8 3,14 1,18 7}
{0 1079_0_1082_1,3 2,5 4,6 5,8 5,14 3,16 1,18 9}
{0 1080_0_1083_1,1 1,3 1,6 5,7 1,8 7,9 1,16 2,18 7}
{0 1081_0_1084_1,1 1,3 1,5 5,6 2,8 1,9 2,11 1,14 3,18 9}
{0 1082_0_1085_1,1 1,3 1,6 7,8 4,11 1,14 1,16 1,17 1}
{0 1083_0_1086_1,1 1,3 3,4 1,5 3,6 6,8 9,14 6,16 1,18 8}
{0 1084_0_1087_1,6 10,7 1,8 10,9 3,14 4,16 3,18 11}
{0 1085_0_1088_1,5 1,6 9,8 9,14 4,16 2,18 8}
{0 1086_0_1089_1,3 2,5 3,6 3,7 1,8 7,9 1,14 4,17 1,18 8}
{0 107_0_108_1,1 1,3 1,5 3,6 7,8 4,11 1,14 1,16 1,17 1,18 8}
{0 1087_0_1090_1,1 1,5 5,6 11,14 4,16 3,18 6}
{0 1088_0_1091_1,1 1,5 1,6 9,7 3,8 5,9 1,14 10,16 1}
{0 1089_0_1092_1,1 1,6 5,8 3,11 1,14 3}
{0 1090_0_1093_1,1 1,3 2,6 7,8 1,16 1,17 1,18 8}
{0 1091_0_1094_1,1 2,6 6,8 5,11 1,16 1,18 8}
{0 1092_0_1095_1,1 1,5 1,6 7,7 3,8 4,14 3,16 2,18 8}
{0 1093_0_1096_1,3 1,5 1,6 5,14 6,16 2,18 4}
{0 1094_0_1097_1,1 2,3 1,4 1,5 3,6 9,7 1,8 6,14 7,16 3}
{0 1095_0_1098_1,3 3,6 4,8 7,18 9}
{0 1096_0_1099_1,3 5,5 1,6 9,7 1,8 5,14 6,16 1,18 8}
{0 108_0_109_1,1 1,3 3,4 1,6 12,8 6,14 10,16 2,17 1,18 8}
{0 9_0_10_1,1 1,3 6,5 4,6 15,7 2,8 5,9 1,14 6,16 3,17 1,18 9}
{0 1097_0_1100_1,6 10,8 3,9 1,14 1,16 4,18 9}
{0 1098_0_1101_1,6 5,7 1,9 1,18 8}
{0 1099_0_1102_1,3 1,5 3,6 5,8 5,9 2,11 1,14 8,16 1,17 1,18 8}
{0 1100_0_1103_1,1 2,3 1,6 1,8 1,14 3,16 1,18 6}
{0 1101_0_1104_1,1 1,3 5,6 12,8 9,11 2,14 3,16 1}
{0 1102_0_1105_1,1 1,3 1,5 2,6 3,7 1,8 1,11 1,14 6,16 1,18 9}
{0 1103_0_1106_1,1 1,5 3,6 11,7 1,8 6,9 2,14 7,16 2,18 9}
{0 1104_0_1107_1,3 5,6 2,14 2,18 4}
{0 1105_0_1108_1,6 4,8 9,9 1,14 9,17 1,18 9}
{0 1106_0_1109_1,1 2,3 2,6 5,14 3,18 8}
{0 109_0_110_1,1 2,3 1,6 1,8 5,14 1,18 6}
{0 1107_0_1110_1,3 2,5 3,6 4,8 7,14 2,16 1,18 8}
{0 1108_0_1111_1,1 3,3 3,5 1,6 14,7 3,8 9,9 1,14 9,16 1,18 11}
{0 1109_0_1112_1,3 5,5 2,6 8,7 1,8 4,17 1,18 8}
{0 1110_0_1113_1,1 3,3 2,5 1,6 14,8 17,11 2,14 7,16 5,17 1}
{0 1111_0_1114_1,1 1,3 2,5 1,6 11,8 8,16 1,17 2}
{0 1112_0_1115_1,1 1,5 5,6 2,8 5,14 1,18 9}
{0 1113_0_1116_1,3 1,6 6,8 4,9 1,17 3,18 8}
{0 1114_0_1117_1,3 1,5 3,6 19,8 6,9 1,14 5,16 4,18 7}
{0 1115_0_1118_1,3 1,6 9,8 3,9 2,14 1,16 2,18 8}
{0 1116_0_1119_1,5 3,6 6,8 6,14 1,16 3,18 9}
{0 110_0_111_1,1 1,3 2,6 6,7 3,8 7,14 5,18 11}
{0 1117_0_1120_1,3 1,5 2,6 7,8 3,11 1,14 5,17 1,18 8}
{0 1118_0_1121_1,6 2,8 1,14 2,16 1,18 2}
{0 1119_0_1122_1,1 1,5 1,6 10,7 2,8 6,9 1,14 3,16 1,17 1}
{0 1120_0_1123_1,3 1,6 2,8 3,11 1,14 5,18 6}
{0 1121_0_1124_1,1 3,3 2,6 8,8 6,14 3,16 4,18 9}
{0 1122_0_1125_1,3 2,5 2,6 10,7 2,8 14,9 2,18 8}
{0 1123_0_1126_1,1 6,3 4,5 2,6 7,7 1,8 3,9 1,14 2,16 2}
{0 1124_0_1127_1,1 1,3 1,6 7,7 1,8 3,11 1,14 3,17 1,18 8}
{0 1125_0_1128_1,3 1,5 3,6 4,7 1,8 8,14 10,16 1,18 8}
{0 1126_0_1129_1,3 5,6 14,8 5,14 7,16 1,18 8}
{0 111_0_112_1,3 1,5 2,6 4,8 8,14 5,18 9}
{0 1127_0_1130_1,3 1,6 2,8 3,14 2,18 6}
{0 1128_0_1132_1,3 4,6 7,8 2,14 4,17 1,18 8}
{0 1129_0_1133_1,1 1,3 1,5 2,6 7,7 2,8 3,9 2,14 3,16 1,18 12}
{0 1130_0_1134_1,4 1,5 1,6 1,8 4,11 2,14 5,18 6}
{0 1131_0_1135_1,1 1,6 9,8 3,14 4,16 4,18 11}
{0 1132_0_1136_1,1 1,5 3,6 11,8 3,16 4,18 8}
{0 1133_0_1137_1,3 1,5 2,6 3,7 1,8 4,9 1,14 11,16 1,17 1,18 8}
{0 1134_0_1138_1,2 2,3 1,5 1,6 3,8 2,14 1,18 8}
{0 1135_0_1139_1,1 1,5 1,6 6,7 2,8 6,9 2,16 1}
{0 112_0_113_1,3 1,6 8,8 3,14 1,16 1,18 8}
{0 1136_0_1140_1,1 1,3 2,5 1,6 7,8 1,17 1,18 9}
{0 1137_0_1141_1,6 6,8 4,14 4,16 2,18 6}
{0 1138_0_1142_1,3 1,6 11,8 7,11 2,14 4,16 2,18 8}
{0 1139_0_1143_1,1 1,3 1,4 1,6 5,14 3,16 2,18 8}
{0 1140_0_1144_1,1 2,3 1,4 1,5 3,6 5,7 1,8 7,14 13,16 1,18 11}
{0 1141_0_1145_1,3 1,5 2,6 6,8 4,14 1,16 3,17 1,18 9}
{0 1142_0_1146_1,1 1,3 1,4 2,5 1,6 9,8 5,9 1,14 2,16 5,18 8}
{0 1143_0_1147_1,1 1,5 1,6 9,7 1,8 5,14 2,18 9}
{0 1144_0_1148_1,1 3,3 6,6 5,7 1,8 1,9 1,11 1,14 7,16 3,17 1,18 9}
{0 1145_0_1149_1,1 3,6 5,7 1,8 8,9 1,11 1,14 2}
{0 113_0_114_1,1 4,5 5,6 7,8 3,11 1,14 7,16 1,17 1,18 8}
{0 1146_0_1150_1,1 2,3 1,6 4,8 4,16 1,17 1,18 8}
{0 1147_0_1151_1,5 1,6 15,7 1,8 7}
{0 1148_0_1152_1,3 4,5 1,6 10,8 18,14 7,16 6,17 1,18 8}
{0 1149_0_1153_1,1 1,3 1,5 1,6 4,8 6,14 3,17 2,18 9}
{0 1150_0_1154_1,1 1,3 1,6 6,14 6,16 1,17 1,18 8}
{0 1151_0_1155_1,1 4,6 5,7 1,8 5,9 1,14 7,18 8}
{0 1152_0_1156_1,1 2,3 4,5 1,6 23,8 7,14 5,16 4}
{0 1153_0_1157_1,5 2,8 2,14 3,18 6}
{0 1154_0_1158_1,3 4,5 2,6 22,7 3,8 2,9 3,16 8,18 9}
{0 1155_0_1159_1,1 1,3 2,5 2,6 9,7 1,8 7,9 1,14 2,16 4,18 12}
{0 114_0_115_1,3 1,6 3,8 10,11 1,17 2,18 9}
{0 1156_0_1160_1,1 2,3 4,5 3,6 3,8 4,11 1,14 7,16 1,17 1,18 8}
{0 1157_0_1161_1,1 3,3 1,5 1,6 8,8 4,14 5,16 2,17 1,18 8}
{0 1158_0_1162_1,1 3,3 2,5 2,6 6,7 2,8 4,14 3,16 2,17 1,18 8}
{0 1159_0_1163_1,1 5,3 1,6 10,7 1,8 5,16 6}
{0 1160_0_1164_1,3 1,6 5,7 1,8 3,14 2,18 9}
{0 1161_0_1165_1,1 1,3 1,5 1,6 9,8 2,9 1,14 4,17 1,18 8}
{0 1162_0_1166_1,1 2,3 1,6 10,7 2,8 6,11 1,14 2,16 4,18 9}
{0 1163_0_1167_1,3 1,4 1,5 1,6 9,8 4,14 3}
{0 1164_0_1168_1,3 2,6 15,7 1,8 2,18 8}
{0 1165_0_1169_1,1 1,3 5,5 1,6 7,7 1,8 4,14 5}
{0 115_0_116_1,8 2,14 1,18 4}
{0 1166_0_1170_1,3 2,6 9,7 1,8 2,16 1,18 12}
{0 1167_0_1171_1,5 6,6 18,7 2,8 3,9 1,14 8,16 7,17 4,18 12}
{0 1168_0_1172_1,3 3,6 11,8 8,14 2,16 2,18 7}
{0 1169_0_1173_1,1 2,3 1,6 9,8 4,11 1,14 1,16 1,17 1,18 8}
{0 1170_0_1174_1,5 2,6 5,8 6,11 1,14 1,16 1}
{0 1171_0_1175_1,1 1,3 5,6 11,7 2,8 8,9 1,14 6,17 1,18 9}
{0 1172_0_1176_1,3 6,5 1,8 6,14 11,17 1,18 8}
{0 1173_0_1177_1,3 3,5 3,6 9,8 1,11 1,14 3,16 2,17 2,18 6}
{0 1174_0_1178_1,1 1,3 2,6 12,7 3,8 8,9 1,14 5,16 3,18 9}
{0 1175_0_1179_1,3 5,5 1,6 3,8 7,9 1,11 5,14 2,16 1,18 8}
{0 116_0_117_1,1 3,6 5,8 2,11 1,14 6,16 2,17 2,18 8}
{0 1176_0_1180_1,3 2,5 3,6 12,7 1,8 4,14 3,18 8}
{0 1177_0_1181_1,6 10,7 2,8 2,14 3,16 1}
{0 1178_0_1182_1,3 2,5 4,6 1,8 4,9 1,14 5,18 7}
{0 1179_0_1183_1,3 1,5 8,6 2,8 5,14 4,18 8}
{0 1180_0_1184_1,6 6,8 1,14 2,17 1}
{0 1181_0_1185_1,1 2,4 1,6 4,8 2,11 1,14 2,16 2,18 8}
{0 1182_0_1186_1,1 2,3 4,5 4,6 7,8 3,14 4,17 5,18 9}
{0 1183_0_1187_1,1 1,5 2,6 9,8 3,14 3,16 3,17 1}
{0 1184_0_1188_1,3 4,4 1,5 1,6 12,8 6,14 7,16 2,18 8}
{0 1185_0_1189_1,3 1,6 9,7 1,8 2,14 1,16 2,17 2,18 9}
{0 117_0_118_1,1 1,3 2,6 10,7 1,8 2,14 3,16 2,18 12}
{0 1186_0_1190_1,1 3,4 1,5 2,6 16,8 9,11 1,14 5,16 1,18 9}
{0 1187_0_1191_1,1 1,3 1,6 20,7 2,8 7,11 2,14 8,16 9,18 8}
{0 1188_0_1192_1,5 1,6 13,8 3,14 3,16 2,18 8}
{0 1189_0_1193_1,5 2,6 4,7 2,8 2,9 2,11 1,14 4,16 1}
{0 1190_0_1194_1,6 10,8 6,14 4,16 2}
{0 1191_0_1195_1,1 2,6 4,8 3,14 7,17 2,18 11}
{0 1192_0_1196_1,3 1,5 3,6 4,8 1,9 1,14 1,18 8}
{0 1193_0_1197_1,3 6,5 7,6 13,7 3,8 7,9 1,14 11,16 4,18 8}
{0 1194_0_1198_1,5 1,6 4,8 2,14 5,18 7}
{0 1195_0_1199_1,6 8,8 2,14 2,16 1,17 1,18 8}
{0 118_0_119_1,5 1,6 13,8 6,11 1,14 3,16 2,17 1}
{0 10_0_11_1,1 3,5 1,6 8,7 3,8 2,14 2,16 1,18 8}
{0 1196_0_1200_1,3 2,5 3,6 15,7 2,8 10,9 2,11 1,14 7,18 9}
{0 1197_0_1201_1,1 1,5 1,6 5,7 3,8 4,14 3,16 2,17 1,18 12}
{0 1198_0_1202_1,3 2,5 5,6 10,14 3,16 6,18 8}
{0 1199_0_1203_1,1 1,6 2,8 3,14 1,18 8}
{0 1200_0_1204_1,1 1,5 3,6 10,7 2,8 7,16 2,18 9}
{0 1201_0_1205_1,1 2,6 5,8 5,11 1,14 4,18 8}
{0 1202_0_1206_1,1 1,3 3,6 9,7 1,8 3,9 1,14 2,16 2,18 11}
{0 1203_0_1207_1,1 1,3 2,4 1,6 12,7 3,8 1,14 1,17 1,18 8}
{0 1204_0_1208_1,3 2,5 3,6 4,8 1,17 2,18 7}
{0 1205_0_1209_1,1 2,3 1,6 4,8 3,9 1,11 1,14 4,18 8}
{0 119_0_120_1,1 1,3 5,4 1,5 1,6 9,7 2,8 5,14 5,18 8}
{0 1206_0_1210_1,1 2,3 2,5 6,6 7,7 1,8 6,9 2,11 1,14 10,16 1,18 8}
{0 1207_0_1211_1,1 2,5 1,6 9,7 1,8 3,14 3,16 3,18 9}
{0 1208_0_1212_1,3 6,5 2,6 2,8 4,14 3,18 9}
{0 1209_0_1213_1,3 2,6 5,8 2,14 6,16 2,18 8}
{0 1210_0_1214_1,6 7,7 3,8 9,9 3,14 1}
{0 1211_0_1215_1,3 5,5 3,6 7,8 6,16 1,18 8}
{0 1212_0_1216_1,1 4,3 5,6 10,7 2,8 3,11 1,14 6,16 4,18 9}
{0 1213_0_1217_1,3 1,5 1,6 4,14 2,18 4}
{0 1214_0_1218_1,6 10,7 2,8 3,9 3,14 6,18 9}
{0 1215_0_1219_1,5 2,6 4,7 1,8 1,9 1,11 1,14 4,18 8}
{0 120_0_121_1,1 2,3 1,8 2,17 1,18 8}
{0 1216_0_1220_1,3 1,5 1,6 9,7 1,8 3,9 1,14 7,16 2,17 1}
{0 1217_0_1221_1,1 1,3 4,4 1,5 2,6 18,7 2,8 3,11 1,14 7,16 6}
{0 1218_0_1222_1,1 1,6 3,7 1,9 1,18 6}
{0 1219_0_1223_1,1 2,3 5,6 15,7 1,8 1,9 1,11 1,14 10,16 4,17 1,18 9}
{0 1220_0_1224_1,1 1,3 2,6 14,7 1,8 2,9 1,14 5,16 3,18 9}
{0 1221_0_1225_1,1 1,5 4,6 9,8 7,9 1,14 4,16 3,18 8}
{0 1222_0_1226_1,3 1,6 9,8 6,9 1,11 1,14 3,16 2,17 1,18 8}
{0 1223_0_1227_1,1 3,6 6,7 1,8 3,9 1,14 3,18 8}
{0 1224_0_1228_1,3 2,4 1,6 6,8 4,11 1,14 5,16 3,18 8}
{0 1225_0_1229_1,1 1,3 4,5 2,6 15,8 1,14 13,16 2,17 2,18 8}
{0 121_0_122_1,1 5,3 1,5 2,6 11,7 1,8 7,14 2,16 3,17 1,18 9}
{0 1226_0_1230_1,3 4,5 3,6 13,7 1,8 7,11 1,14 8,17 1}
{0 1227_0_1231_1,5 2,6 7,8 1,14 5,17 2,18 6}
{0 1228_0_1232_1,1 5,3 2,6 9,8 1,11 1,14 2}
{0 1229_0_1233_1,1 1,3 3,5 1,6 17,7 1,8 5,9 1,14 5,16 2,18 9}
{0 1230_0_1234_1,1 1,3 2,5 2,6 3,8 4,11 1,14 3,16 1,17 1,18 8}
{0 1231_0_1236_1,1 1,5 4,6 8,8 1,14 4,16 2}
{0 1232_0_1237_1,3 2,6 15,7 5,8 3,9 1,11 2,14 6,16 2,18 11}
{0 1233_0_1238_1,1 3,3 2,4 1,6 9,8 5,14 5,16 2}
{0 1234_0_1239_1,1 1,3 1,5 1,6 17,7 1,8 3,9 1,11 2,14 2,16 5,18 11}
{0 122_0_123_1,1 2,3 1,5 1,6 9,7 3,8 3,9 2,14 7,16 2}
{0 1235_0_1240_1,1 1,3 1,5 2,6 5,7 3,8 3,9 2,11 1,14 3,16 1}
{0 1236_0_1241_1,1 1,3 2,6 6,7 2,8 4,9 2,14 6,18 9}
{0 1237_0_1242_1,1 1,4 1,5 2,6 3,8 2,14 4,18 8}
{0 1238_0_1243_1,1 3,3 2,5 1,6 7,8 4,9 1,14 3,16 2,18 9}
{0 1239_0_1244_1,3 1,6 9,7 1,8 18,11 1,14 1,16 3,18 8}
{0 1240_0_1245_1,1 2,3 4,6 8,8 4,14 1,16 4}
{0 1241_0_1246_1,5 1,6 5,8 1,14 2,16 1,18 7}
{0 1242_0_1247_1,1 1,5 2,6 3,8 5,14 2,17 1,18 8}
{0 1243_0_1248_1,3 3,5 1,6 7,7 3,8 3,9 2,14 3,16 1,18 8}
{0 1244_0_1249_1,1 3,5 1,6 8,7 3,8 7,9 2,11 1,17 1}
{0 123_0_124_1,3 4,5 1,6 15,8 2,14 10,16 3,18 7}
{0 1245_0_1250_1,3 4,5 2,6 19,8 8,11 2,14 1,16 4,17 1,18 12}
{0 1246_0_1251_1,1 1,5 1,6 5,8 7,9 2,11 1,14 8,16 1,17 1,18 8}
{0 1247_0_1252_1,1 2,3 1,5 1,6 5,7 1,8 2,14 4,18 11}
{0 1248_0_1253_1,3 5,6 3,14 4,16 1,18 4}
{0 1249_0_1254_1,3 4,5 1,6 6,8 4,14 2,16 2,18 8}
{0 1250_0_1255_1,1 1,3 2,4 1,5 3,6 8,7 2,8 5,14 4,16 3,17 1,18 11}
{0 1251_0_1256_1,5 2,6 8,7 1,8 3,11 2,14 4,16 1,18 8}
{0 1252_0_1257_1,3 1,5 3,6 8,8 7,11 1,14 5,16 1,17 1,18 9}
{0 1253_0_1258_1,1 3,5 1,6 11,7 2,11 1,14 6,17 1,18 12}
{0 1254_0_1259_1,1 1,2 1,3 1,4 1,6 13,8 4,14 2,16 5}
{0 124_0_125_1,3 2,5 1,6 2,8 4,14 6,18 5}
{0 1255_0_1260_1,3 1,6 13,8 4,14 7,16 3,18 8}
{0 1256_0_1261_1,5 3,6 7,8 1,11 1,14 3,16 1,18 9}
{0 1257_0_1262_1,3 3,5 1,6 10,7 5,8 5,9 1,14 1,17 3,18 8}
{0 1258_0_1263_1,1 1,3 3,6 15,8 7,11 1,14 3,16 1,18 9}
{0 1259_0_1264_1,1 1,3 4,6 2,7 1,8 8,14 2,18 9}
{0 1260_0_1265_1,6 5,8 4,9 1,11 2,14 2,16 1}
{0 1261_0_1266_1,3 3,5 1,6 7,8 3,14 5,16 1,17 2,18 8}
{0 1262_0_1267_1,5 3,6 6,7 1,8 9,14 8,17 1,18 8}
{0 1263_0_1268_1,3 2,5 2,6 2,8 1,14 1,18 8}
{0 1264_0_1269_1,1 2,3 2,5 2,6 17,7 4,8 1,16 4,18 11}
{0 125_0_126_1,1 2,3 3,5 2,6 8,8 2,14 5,18 8}
{0 1265_0_1270_1,1 1,6 9,7 1,8 1,14 1,16 1}
{0 1266_0_1271_1,1 1,3 2,4 1,5 1,6 5,8 5,9 1,14 3,18 8}
{0 1267_0_1272_1,3 4,5 7,6 6,7 1,8 5,11 1,14 6,16 2,18 9}
{0 1268_0_1273_1,1 1,3 1,6 11,7 1,8 5,11 1,14 4,17 2}
{0 1269_0_1274_1,6 5,8 4,14 1,18 6}
{0 1270_0_1275_1,3 1,5 3,6 4,8 2,14 2,16 1,18 7}
{0 1271_0_1276_1,3 5,5 1,6 13,8 4,14 2,16 2,18 8}
{0 1272_0_1277_1,3 4,6 4,8 2,14 1,18 7}
{0 1273_0_1278_1,3 1,5 2,6 6,7 1,9 1,14 3,18 8}
{0 1274_0_1279_1,1 1,3 2,5 2,6 2,7 1,8 5,9 1,11 1,14 1,18 9}
{0 126_0_127_1,1 2,5 2,6 4,7 1,8 6,14 7,18 9}
{0 1275_0_1280_1,1 2,3 1,5 1,6 5,8 6,9 1,14 2,18 6}
{0 1276_0_1281_1,3 1,6 1,8 6,14 1,18 8}
{0 1277_0_1282_1,3 1,6 12,8 1,11 1,14 2,16 1}
{0 1278_0_1283_1,3 1,6 10,7 2,8 3,11 1,14 7,16 1}
{0 1279_0_1284_1,3 1,5 5,6 11,7 1,8 5,9 2,14 3,16 1,18 8}
{0 1280_0_1285_1,1 1,3 2,6 6,8 1,14 1,18 8}
{0 1281_0_1286_1,1 1,6 5,14 5,18 8}
{0 1282_0_1287_1,1 2,5 2,6 8,8 3,14 5,16 1}
{0 1283_0_1288_1,1 4,3 1,5 3,6 11,7 2,8 2,11 2,16 1,17 1}
{0 1284_0_1289_1,3 4,5 4,6 8,8 2,14 5,16 1,18 7}
{0 127_0_128_1,3 1,6 10,7 1,8 1,9 1,14 5,16 3,18 9}
{0 1285_0_1290_1,1 1,4 1,6 2,8 2,14 3,18 8}
{0 1286_0_1291_1,1 1,3 1,5 3,6 7,7 1,8 2,14 4,16 1,17 2,18 8}
{0 1287_0_1292_1,3 2,5 1,6 9,8 1,14 6,16 1,18 8}
{0 1288_0_1293_1,3 1,5 2,6 2,7 1,8 4,11 1,14 3,18 7}
{0 1289_0_1294_1,1 7,3 2,5 1,6 14,7 2,8 9,9 2,11 2,14 14,16 3,18 9}
{0 1290_0_1295_1,6 4,8 2,16 1,18 4}
{0 1291_0_1296_1,3 1,5 1,6 11,7 1,8 7,14 9,17 1,18 9}
{0 1292_0_1297_1,1 2,3 1,6 4,8 2,14 2,18 8}
{0 1293_0_1298_1,3 1,6 6,8 3,9 2,14 1,16 1,18 7}
{0 1294_0_1299_1,1 3,3 2,4 1,5 3,6 14,7 2,8 11,9 2,11 1,14 5,16 1,18 11}
{0 128_0_129_1,3 6,6 13,8 8,11 1,14 1,17 1}
{0 11_0_12_1,3 6,5 1,6 16,8 4,14 1,16 6,18 8}
{0 1295_0_1300_1,2 1,5 2,6 8,8 9,14 5,17 1,18 7}
{0 1296_0_1301_1,1 1,3 3,5 1,6 8,8 3,16 2,17 1,18 8}
{0 1297_0_1302_1,1 2,3 2,5 2,6 8,7 1,8 4,9 1,16 3,17 1}
{0 1298_0_1303_1,1 3,5 3,6 5,8 3,14 4,16 2,18 7}
{0 1299_0_1304_1,1 3,3 1,6 7,7 1,8 6,9 1,14 3,16 2,18 11}
{0 1300_0_1305_1,4 1,5 1,6 12,7 1,8 10,14 6,16 3,18 11}
{0 1301_0_1306_1,1 3,3 3,6 8,8 4,16 3,18 8}
{0 1302_0_1307_1,6 6,8 6,14 1,18 9}
{0 1303_0_1308_1,1 2,3 4,5 4,6 14,8 7,14 1,16 6,18 9}
{0 1304_0_1309_1,3 2,5 1,6 5,7 2,8 6,11 3,14 9,16 1,18 8}
{0 129_0_130_1,1 3,3 1,6 10,8 4,14 9,16 1,17 2}
{0 1305_0_1310_1,1 1,3 1,5 1,6 8,7 1,8 1,9 1,14 2,16 2,18 7}
{0 1306_0_1311_1,1 1,6 11,11 1,14 3,16 1}
{0 1307_0_1312_1,1 1,3 2,5 1,6 12,8 6,14 6,16 2,18 9}
{0 1308_0_1313_1,3 1,6 5,8 7,16 1,18 8}
{0 1309_0_1314_1,3 3,5 1,6 12,8 3,11 2,16 3}
{0 1310_0_1315_1,1 1,6 10,7 2,8 3,9 2,14 7,16 1,18 9}
{0 1311_0_1316_1,1 2,5 1,6 8,7 2,8 2,9 1,14 4,16 1,17 1,18 9}
{0 1312_0_1317_1,3 2,5 2,6 5,7 1,8 5,9 1,14 2,16 1,18 8}
{0 1313_0_1318_1,3 4,6 19,8 2,14 2,16 4,18 8}
{0 1314_0_1319_1,3 3,6 6,8 1,9 1,14 10,17 1,18 9}
{0 130_0_131_1,1 1,3 2,5 1,6 13,7 1,8 5,14 3,16 4}
{0 1315_0_1320_1,3 3,5 1,6 22,7 2,8 7,9 1,11 1,14 7,16 2,17 1,18 11}
{0 1316_0_1321_1,1 1,3 1,5 1,6 10,7 1,8 19,9 1,14 9,16 2,18 9}
{0 1317_0_1322_1,3 1,5 4,6 9,7 2,8 5,9 2,11 1,16 3,18 9}
{0 1318_0_1323_1,5 1,6 3,8 5,14 7,18 8}
{0 1319_0_1324_1,1 3,5 2,6 7,8 2,14 4,16 1,17 3,18 8}
{0 1320_0_1325_1,1 1,3 3,5 1,6 10,7 2,8 8,9 2,14 8,16 3}
{0 1321_0_1326_1,3 3,6 12,8 4,9 1,14 6,16 5,17 2,18 8}
{0 1322_0_1327_1,1 3,4 1,5 2,6 12,7 1,8 6,11 2,14 3,16 1,17 2,18 11}
{0 1323_0_1328_1,1 1,3 1,5 3,6 11,7 1,8 1,14 3,18 8}
{0 1324_0_1329_1,6 8,8 3,18 7}
{0 131_0_132_1,1 4,6 9,7 1,8 4,14 2,16 4,18 11}
{0 1325_0_1330_1,3 1,6 11,8 5,14 1,16 4,17 1,18 8}
{0 1326_0_1331_1,1 2,3 1,6 11,7 2,8 8,9 1,14 8,16 1,17 1,18 9}
{0 1327_0_1332_1,1 4,3 3,5 2,6 11,7 1,8 3,14 3,16 3,18 9}
{0 1328_0_1333_1,1 2,5 2,6 8,7 2,9 4,14 2,17 1,18 8}
{0 1329_0_1334_1,1 3,5 1,6 4,8 3,14 3,16 3,17 1,18 8}
{0 1330_0_1335_1,3 3,6 12,14 3,16 1,18 7}
{0 1331_0_1336_1,1 1,3 4,5 6,6 16,8 2,11 1,14 4,16 2,17 2}
{0 1332_0_1337_1,3 1,6 3,8 1,14 2,16 1,18 8}
{0 1333_0_1338_1,1 2,3 5,5 1,6 8,8 3,14 11,16 3,17 1,18 9}
{0 1334_0_1339_1,3 5,6 8,8 2,14 4,17 2,18 8}
{0 132_0_133_1,1 1,5 2,6 6,7 1,8 8,14 4,16 3}
{0 1335_0_1340_1,6 12,8 4,14 1,16 3,18 8}
{0 1336_0_1341_1,1 1,3 3,5 2,6 12,8 8,11 1,14 4}
{0 1337_0_1342_1,3 1,5 1,6 5,7 1,8 4,11 1,14 1,16 2,18 8}
{0 1338_0_1343_1,1 2,5 1,6 2,8 4,14 1,16 2,18 8}
{0 1339_0_1344_1,1 4,6 5,7 1,8 2,9 1,14 3,18 8}
{0 1340_0_1345_1,1 1,3 6,4 1,5 1,6 11,7 2,8 2,11 1,14 2,16 1,18 8}
{0 1341_0_1346_1,1 1,3 7,5 1,6 3,8 1,14 3,16 1,18 8}
{0 1342_0_1347_1,4 1,6 5,7 1,8 3,9 1,11 1,16 1,18 8}
{0 1343_0_1348_1,3 1,6 4,18 7}
{0 1344_0_1349_1,1 1,5 1,6 10,8 5,11 1,14 9,18 11}
{0 133_0_134_1,1 2,3 3,6 13,7 1,8 7,14 6,16 2}
{0 1345_0_1350_1,1 2,3 2,5 2,6 20,7 1,8 2,11 2,14 2,16 2}
{0 1346_0_1351_1,3 1,4 1,5 1,6 8,7 1,8 2,9 2,14 5,16 2,18 9}
{0 1347_0_1352_1,1 1,3 4,6 10,7 2,8 2,11 1,14 2,16 2,18 8}
{0 1348_0_1353_1,3 4,5 2,6 8,7 5,8 2,14 1,16 2}
{0 1349_0_1354_1,3 4,6 5,8 1,14 3,16 2,18 8}
{0 1350_0_1355_1,3 5,5 2,6 7,8 3,14 1,16 1,18 8}
{0 1351_0_1356_1,5 1,6 9,8 1,14 3,16 1,18 8}
{0 1352_0_1357_1,1 2,5 1,6 8,8 2,14 4,17 1,18 8}
{0 1353_0_1358_1,1 6,3 2,5 2,6 11,7 4,8 6,14 2,16 2,18 11}
{0 1354_0_1359_1,1 1,5 1,6 12,7 1,8 2,14 10,16 4,17 2,18 11}
{0 134_0_135_1,1 2,5 1,6 1,8 2,14 8,18 7}
{0 1355_0_1360_1,1 2,3 1,5 1,6 5,7 1,8 1,9 2,14 7,16 1,18 8}
{0 1356_0_1361_1,1 1,6 14,7 3,8 2,11 1,16 2}
{0 1357_0_1362_1,3 2,6 10,8 4,11 1,14 1,16 4,17 1,18 9}
{0 1358_0_1363_1,1 1,3 1,5 3,6 3,8 9,11 1,17 1,18 8}
{0 1359_0_1364_1,1 2,3 2,6 14,8 3,11 1,14 2,16 1,18 9}
{0 1360_0_1365_1,5 1,6 3,7 1,8 5,14 8,16 1,18 8}
{0 1361_0_1366_1,3 3,5 1,6 5,8 4,11 1,14 5,16 2,18 8}
{0 1362_0_1367_1,3 2,5 1,6 1,18 6}
{0 1363_0_1368_1,3 5,5 1,6 11,8 3,14 2,16 4,18 7}
{0 1364_0_1369_1,5 2,6 7,8 4,14 12,16 1,18 9}
{0 135_0_136_1,3 2,5 3,6 11,7 2,8 10,11 2,14 10,18 9}
{0 1365_0_1370_1,3 2,5 1,6 14,7 2,8 4,14 2,16 7,18 9}
{0 1366_0_1371_1,1 2,3 1,6 12,7 3,8 5,9 1,11 1,14 5,16 2,18 12}
{0 1367_0_1372_1,1 1,3 6,4 1,6 10,8 3,14 2,16 9,18 8}
{0 1368_0_1373_1,1 1,3 4,4 1,5 1,6 6,7 1,8 5,14 2,16 1,18 8}
{0 1369_0_1374_1,1 2,3 5,5 2,6 9,8 8,14 2,16 1,17 1}
{0 1370_0_1375_1,4 1,5 3,6 11,8 2,11 1,14 7,16 1,17 1}
{0 1371_0_1376_1,1 1,3 1,5 2,6 2,8 1,16 1,18 8}
{0 1372_0_1377_1,1 1,6 2,7 1,8 6,14 4,18 8}
{0 1373_0_1378_1,1 1,3 1,5 5,6 14,8 4,14 6,17 2,18 9}
{0 1374_0_1379_1,1 3,3 1,6 13,8 7,11 1,16 1}
{0 136_0_137_1,3 1,6 6,8 3,18 7}
{0 1375_0_1380_1,1 1,3 3,5 1,6 6,8 6,14 4,16 2,18 12}
{0 1376_0_1381_1,3 2,5 1,6 5,8 5,11 1,14 3,17 2,18 8}
{0 1377_0_1382_1,5 1,6 7,7 1,8 11,11 1,14 3}
{0 1378_0_1383_1,3 5,5 1,6 8,7 2,8 1,14 7,17 1,18 9}
{0 1379_0_1384_1,5 1,6 8,8 5,9 1,14 6,16 4,17 2}
{0 1380_0_1385_1,1 2,3 1,5 2,6 3,7 1,8 2,11 1,14 2,16 1,18 9}
{0 1381_0_1386_1,3 1,6 11,7 1,8 7,9 1,14 2,16 4,18 9}
{0 1382_0_1387_1,3 2,5 1,6 10,8 4,14 8,16 2,18 7}
{0 1383_0_1388_1,1 1,6 2,7 1,8 3,9 1,14 2,16 1,18 8}
{0 1384_0_1389_1,3 5,5 1,6 9,8 6,14 8,16 2,18 8}
{0 137_0_138_1,3 2,5 2,6 7,8 5,11 1,16 2}
{0 1385_0_1390_1,3 6,6 17,8 4,14 10,16 11,18 8}
{0 1386_0_1391_1,1 1,3 1,5 4,6 10,8 6,9 1,14 3,17 2,18 8}
{0 1387_0_1392_1,1 1,3 3,5 2,6 5,8 4,14 4,16 1,18 5}
{0 1388_0_1393_1,1 5,3 5,4 1,6 13,7 1,8 14,9 1,11 1,16 1,18 11}
{0 1389_0_1394_1,5 2,6 3,8 1,14 3,18 6}
{0 1390_0_1395_1,5 1,6 12,8 3,16 1,17 1,18 9}
{0 1391_0_1396_1,1 1,3 1,5 1,8 2,11 2,18 9}
{0 1392_0_1397_1,3 2,5 3,6 4,7 2,8 3,14 2,18 7}
{0 1393_0_1398_1,1 1,3 6,4 2,5 1,6 13,7 1,8 6,14 6,16 2,18 9}
{0 1394_0_1399_1,1 1,3 2,5 4,6 13,8 1,11 1,14 3,16 6,18 8}
{0 138_0_139_1,3 3,4 1,6 4,7 1,8 2,17 1,18 7}
{0 12_0_13_1,3 1,5 2,6 2,8 1,14 5,18 7}
{0 1395_0_1400_1,3 3,6 2,8 1,11 2,14 2,18 9}
{0 1396_0_1401_1,1 1,3 1,5 2,6 13,8 5,11 1,14 6,16 1}
{0 1397_0_1402_1,1 1,3 1,5 3,6 6,7 1,8 3,9 1,14 1,16 1,18 9}
{0 1398_0_1403_1,1 1,3 1,6 3,8 5,14 4,18 11}
{0 1399_0_1404_1,1 2,6 8,7 3,8 4,11 1,14 2}
{0 1400_0_1405_1,1 1,3 4,5 1,6 18,8 5,16 6,17 3,18 9}
{0 1401_0_1406_1,1 1,3 9,5 1,6 3,7 1,8 6,14 2,18 9}
{0 1402_0_1407_1,5 1,6 5,7 2,8 2,9 1,14 1,16 1,17 1}
{0 1403_0_1408_1,1 2,6 16,8 8,16 3,18 8}
{0 1404_0_1409_1,5 2,6 11,7 1,14 2,16 2,18 9}
{0 139_0_140_1,1 1,5 1,6 2,7 1,8 1,14 8,16 2,18 9}
{0 1405_0_1410_1,3 1,6 7,8 1,14 1,16 1,18 7}
{0 1406_0_1411_1,3 2,4 3,5 3,6 9,7 1,8 4,9 1,14 6,16 3,17 1,18 11}
{0 1407_0_1412_1,5 1,6 9,8 2,11 2,14 1,16 2}
{0 1408_0_1413_1,1 2,4 2,5 1,6 10,14 6,16 3,17 1,18 9}
{0 1409_0_1414_1,3 1,6 13,8 3,16 5,18 8}
{0 1410_0_1415_1,1 3,3 4,4 1,6 24,8 4,14 2,16 7,18 12}
{0 1411_0_1416_1,5 1,6 9,7 1,8 1,9 1,14 8,18 8}
{0 1412_0_1417_1,1 1,3 1,6 4,7 1,8 9,11 1,14 2}
{0 1413_0_1418_1,1 1,3 2,5 1,6 8,7 1,8 6,14 2,18 8}
{0 1414_0_1419_1,3 2,5 1,6 9,7 1,8 3,9 1,11 2,14 1,16 1}
{0 140_0_141_1,1 2,5 2,6 11,8 6,14 9,16 5}
{0 1415_0_1420_1,6 13,8 4,9 2,16 2,18 8}
{0 1416_0_1421_1,3 1,6 6,7 1,8 3,14 1,16 2,18 6}
{0 1417_0_1422_1,1 1,3 4,5 3,6 12,7 2,8 2,9 1,11 1,14 6,18 8}
{0 1418_0_1423_1,1 3,3 1,6 5,8 1,14 4,16 1,18 8}
{0 1419_0_1424_1,1 1,6 8,7 1,11 2,14 5,16 3}
{0 1420_0_1425_1,1 1,5 1,6 1,7 3,8 1,9 2,11 1,14 2,17 2,18 8}
{0 1421_0_1426_1,3 1,6 7,8 4,14 3,16 1}
{0 1422_0_1427_1,1 1,4 1,6 7,8 1,11 2,14 4,16 2,18 11}
{0 1423_0_1428_1,1 1,3 2,6 2,8 3,14 1,16 1,18 6}
{0 1424_0_1429_1,1 1,3 2,5 4,6 5,8 3,11 1,16 1,18 7}
{0 141_0_142_1,1 2,3 1,6 8,8 7,11 2,14 1,16 2}
{0 1425_0_1430_1,3 7,6 8,8 2,16 1,18 8}
{0 1426_0_1431_1,6 5,8 6,14 1,16 3,18 6}
{0 1427_0_1432_1,3 3,4 1,5 2,6 19,8 2,14 2,16 3,17 1,18 8}
{0 1428_0_1433_1,1 5,3 15,5 2,6 26,7 1,8 4,9 1,16 5,18 8}
{0 1429_0_1434_1,1 7,4 1,6 8,8 10,14 10,16 5,18 9}
{0 1430_0_1435_1,1 1,4 1,6 12,7 1,8 10,9 3,11 1,16 6}
{0 1431_0_1436_1,1 3,5 2,6 4,7 1,8 5,11 1,14 3,18 8}
{0 1432_0_1437_1,3 3,6 10,14 1,16 1,18 8}
{0 1433_0_1438_1,5 4,6 10,7 4,8 7,9 2,14 4,16 3,18 9}
{0 1434_0_1439_1,3 4,6 8,8 6,11 1,14 2}
{0 142_0_143_1,4 1,5 2,6 1,7 1,8 4,9 1,14 5,17 1,18 7}
{0 1435_0_1440_1,1 3,3 1,5 3,6 13,8 7,14 4,16 4,17 2}
{0 1436_0_1441_1,1 1,3 2,5 3,6 3,8 3,11 1,18 8}
{0 1437_0_1442_1,3 1,5 3,6 1,7 1,8 4,14 5,17 1,18 6}
{0 1438_0_1443_1,1 2,3 2,6 13,8 1,14 4,16 2,18 12}
{0 1439_0_1444_1,1 1,3 1,6 11,7 1,8 2,11 1,14 6,16 3}
{0 1440_0_1445_1,3 3,5 2,6 10,7 1,8 6,9 1,14 4,18 8}
{0 1441_0_1446_1,1 1,3 4,5 2,6 13,8 3,14 5,16 4,17 2}
{0 1442_0_1447_1,3 1,4 1,5 1,6 9,7 1,8 4,9 1,14 2,16 1,17 1,18 12}
{0 1443_0_1448_1,1 2,3 1,5 1,6 9,7 1,8 1,14 1,17 1,18 9}
{0 1444_0_1449_1,1 1,3 2,6 9,7 1,8 4,9 2,14 7,16 4,17 3,18 9}
{0 143_0_144_1,3 6,5 4,6 3,8 6,11 1,14 7,18 9}
{0 1445_0_1450_1,1 1,6 8,7 1,8 1,16 1,17 1}
{0 1446_0_1451_1,1 1,3 5,5 4,6 14,7 1,8 1,11 1,14 10,16 3,18 9}
{0 1447_0_1452_1,1 2,3 3,6 21,7 1,8 9,11 1,16 3,17 1,18 12}
{0 1448_0_1453_1,3 1,5 3,6 10,7 1,8 3,16 3,18 9}
{0 1449_0_1454_1,1 5,6 7,7 2,8 6,16 3,18 11}
{0 1450_0_1455_1,6 7,8 1,14 2,16 4,18 8}
{0 1451_0_1456_1,1 1,3 2,5 4,6 14,7 4,8 4,14 1,16 4,17 1}
{0 1452_0_1457_1,3 1,5 2,6 6,8 5,14 2,16 4,18 7}
{0 1453_0_1458_1,1 1,3 2,4 1,6 10,8 2,14 2,16 2,18 9}
{0 1454_0_1459_1,6 8,7 1,8 4,11 3,14 1,18 8}
{0 144_0_145_1,5 1,6 3,7 1,9 1,16 1}
{0 1455_0_1460_1,3 3,5 1,6 8,8 5,14 5,16 1}
{0 1456_0_1461_1,3 1,5 1,6 6,7 1,8 6,14 1,16 1,18 6}
{0 1457_0_1462_1,1 1,5 1,8 2,18 7}
{0 1458_0_1463_1,3 1,6 3,7 1,8 4,14 4,17 1,18 8}
{0 1459_0_1464_1,5 1,6 12,7 2,8 5,9 2,11 1,14 3,16 1}
{0 1460_0_1465_1,1 2,3 2,6 2,7 1,8 3,14 8,16 1,18 8}
{0 1461_0_1466_1,5 3,6 2,7 1,9 1,14 4,16 1,18 8}
{0 1462_0_1467_1,1 1,6 3,7 1,8 3,9 1,11 1}
{0 1463_0_1468_1,3 1,5 1,6 3,8 3,11 1,14 2,16 1,17 1,18 9}
{0 1464_0_1469_1,3 2,5 1,6 7,7 1,8 4,14 2,17 2,18 8}
{0 145_0_146_1,5 2,6 4,8 1,16 2,18 6}
{0 1465_0_1470_1,5 3,6 12,7 3,14 1,16 1,17 1}
{0 1466_0_1471_1,5 1,6 14,7 4,8 5,9 1,14 1,16 2,18 8}
{0 1467_0_1472_1,3 1,5 3,6 2,7 1,8 1,17 2,18 8}
{0 1468_0_1473_1,6 4,7 1,8 2,14 1,18 6}
{0 1469_0_1474_1,3 4,6 2,14 1,18 4}
{0 1470_0_1475_1,1 1,3 3,5 1,6 11,14 6,16 1,17 1,18 8}
{0 1471_0_1476_1,1 2,6 9,8 5,14 5,16 1,17 1,18 9}
{0 1472_0_1477_1,3 1,5 4,6 4,7 2,8 3,18 6}
{0 1473_0_1478_1,3 2,5 2,6 2,7 1,8 3,9 1,14 1,18 9}
{0 1474_0_1479_1,5 6,6 8,8 1,9 1,11 1,14 2,18 7}
{0 146_0_147_1,1 1,3 2,5 1,6 10,7 2,8 4,9 1,11 1,14 8,16 1,18 12}
{0 1475_0_1480_1,3 2,5 2,6 12,8 6,11 2,14 4,16 3,18 9}
{0 1476_0_1481_1,1 2,3 3,5 3,6 2,8 2,14 9,18 7}
{0 1477_0_1482_1,3 2,6 6,8 5,14 1,16 4,17 1,18 7}
{0 1478_0_1483_1,1 1,6 2,7 1,9 1,14 1,18 6}
{0 1479_0_1484_1,3 1,6 5,8 2,11 1,14 4,18 9}
{0 1480_0_1485_1,1 1,3 2,5 1,6 7,8 4,16 3,17 1,18 9}
{0 1481_0_1486_1,5 2,6 7,7 1,8 5,11 2,14 5,16 1,17 1,18 8}
{0 1482_0_1487_1,1 1,5 1,6 11,8 3,14 5,16 3,18 8}
{0 1483_0_1488_1,1 2,3 6,6 11,7 1,8 6,9 1,14 4,16 2,17 1,18 8}
{0 1484_0_1489_1,3 6,6 18,7 1,8 6,9 1,14 4,16 1,18 9}
{0 147_0_148_1,1 1,3 6,5 1,6 5,11 1,14 6,18 9}
{0 1485_0_1490_1,3 3,6 4,8 1,18 6}
{0 1486_0_1491_1,6 12,7 3,8 2,11 1,14 2,18 11}
{0 1487_0_1492_1,6 4,8 2,14 1,16 1,18 8}
{0 1488_0_1493_1,3 2,5 2,6 11,8 3,14 3,16 2,18 11}
{0 1489_0_1494_1,1 2,6 15,7 1,8 3,14 7,17 3}
{0 1490_0_1495_1,1 1,3 7,5 2,6 2,8 7,18 8}
{0 1491_0_1496_1,3 1,6 3,8 1,14 4,18 6}
{0 1492_0_1497_1,3 4,5 2,6 13,8 3,9 2,14 5,16 2,18 9}
{0 1493_0_1498_1,1 1,4 1,5 2,6 5,8 3,14 13,17 1,18 8}
{0 1494_0_1499_1,5 1,6 11,7 1,8 7,9 1,11 1,14 1,16 1,17 2}
{0 148_0_149_1,3 1,5 1,6 24,8 6,16 2,18 8}
{0 13_0_14_1,6 12,14 2,18 6}
{0 1495_0_1500_1,1 1,3 1,6 15,8 4,16 5,18 8}
{0 1496_0_1501_1,3 2,5 2,6 11,8 2,14 7,16 3,18 8}
{0 1497_0_1502_1,1 3,3 2,5 2,6 9,7 1,8 5,9 1,11 1,14 10,16 3,17 1}
{0 1498_0_1503_1,1 1,3 4,6 9,7 2,8 7,9 1,14 4,16 5,18 9}
{0 1499_0_1504_1,1 3,3 1,5 2,6 3,8 3,9 1,11 2,14 6,18 8}
{0 1500_0_1505_1,3 2,5 3,6 10,7 4,8 4,9 1,14 4,16 2,18 9}
{0 1501_0_1506_1,3 1,6 3,7 1,8 5,14 3,16 1,18 8}
{0 1502_0_1507_1,6 2,8 3,18 9}
{0 1503_0_1508_1,1 2,3 1,6 4,8 2,14 3,18 8}
{0 1504_0_1509_1,3 4,5 6,6 12,7 1,8 5,11 2,14 8,16 3,17 2,18 8}
{0 149_0_150_1,4 1,6 2,7 2,8 3,9 1,14 3,18 8}
{0 1505_0_1510_1,1 2,5 2,6 6,8 6,14 6,16 2,18 8}
{0 1506_0_1511_1,3 3,5 1,6 3,7 1,8 7,14 2,18 7}
{0 1507_0_1512_1,3 2,6 7,8 5,14 1,18 8}
{0 1508_0_1513_1,3 3,6 2,16 1,18 5}
{0 1509_0_1514_1,3 6,4 1,5 6,6 3,8 1,14 4,17 2,18 8}
{0 1510_0_1515_1,3 1,5 1,6 14,7 3,8 5,9 3,16 3}
{0 1511_0_1516_1,5 1,6 6,8 5,14 2,16 1,18 8}
{0 1512_0_1517_1,1 2,5 1,7 1,8 2,14 8,18 8}
{0 1513_0_1518_1,1 3,5 1,6 1,7 1,11 1,14 8}
{0 1514_0_1519_1,1 4,3 4,5 1,6 15,7 2,8 1,14 3,16 7,17 1,18 8}
{0 150_0_151_1,3 1,6 7,8 2,14 1,18 8}
{0 1515_0_1520_1,1 1,3 2,5 1,6 7,8 3,11 1,14 1,16 2,18 9}
{0 1516_0_1521_1,3 5,4 1,6 4,8 4,9 1,14 2,18 8}
{0 1517_0_1522_1,1 2,3 4,6 8,8 5,11 2}
{0 1518_0_1523_1,3 5,5 2,6 2,8 3,14 8,18 8}
{0 1519_0_1524_1,6 2,7 1,8 1,9 1,14 1,16 1,18 6}
{0 1520_0_1525_1,1 1,3 5,6 5,7 1,14 2,16 1,18 8}
{0 1521_0_1526_1,3 2,4 1,6 14,8 3,9 1,16 2,17 1}
{0 1522_0_1527_1,1 1,3 1,5 1,6 7,7 1,8 2,14 3,16 3}
{0 1523_0_1528_1,3 1,5 1,6 3,8 3,14 1,18 6}
{0 1524_0_1529_1,3 1,5 1,6 10,8 4,11 1,14 3,16 1,18 8}
{0 151_0_152_1,1 2,3 6,5 1,6 2,8 1,14 1,18 6}
{0 1525_0_1530_1,3 4,5 2,6 6,8 7,14 2,16 3,17 2,18 8}
{0 1526_0_1531_1,3 1,5 1,6 6,7 1,8 3,14 2,16 3,18 8}
{0 1527_0_1532_1,1 1,6 5,8 2,14 2,16 1,18 6}
{0 1528_0_1533_1,1 1,3 2,5 2,6 1,7 1,18 6}
{0 1529_0_1534_1,1 1,3 1,5 4,6 3,7 1,8 3,9 1,11 2,14 9,18 9}
{0 1530_0_1535_1,7 1,8 1,9 1,14 1,18 6}
{0 1531_0_1536_1,3 1,6 2,7 1,18 4}
{0 1532_0_1537_1,1 2,3 3,5 4,6 10,7 1,8 2,11 1,16 2,18 8}
{0 1533_0_1538_1,5 3,6 1,7 1,8 5,9 1,11 1,14 2,18 9}
{0 1534_0_1539_1,1 1,3 2,6 3,7 2,8 6,9 2,11 1,14 5,16 1,18 9}
{0 152_0_153_1,1 1,3 9,6 17,8 5,11 3,14 2,16 4,18 9}
{0 1535_0_1540_1,3 1,6 9,8 2,14 3,16 1,18 8}
{0 1536_0_1541_1,6 3,8 8,14 2,16 2,18 8}
{0 1537_0_1542_1,1 2,6 18,7 4,8 7,11 2,16 4}
{0 1538_0_1543_1,3 1,5 5,6 2,8 3,14 2,18 8}
{0 1539_0_1544_1,1 1,3 5,6 7,8 13,14 1}
{0 1540_0_1545_1,1 1,3 3,6 7,8 5,14 6,18 8}
{0 1541_0_1546_1,1 3,4 1,6 6,7 4,8 4,14 3}
{0 1542_0_1547_1,6 7,8 2,14 3,16 2,18 7}
{0 1543_0_1548_1,3 2,5 1,6 2,8 2,14 1,18 8}
{0 1544_0_1549_1,3 1,6 1,7 1,9 1,14 1,17 1,18 6}
{0 153_0_154_1,1 5,5 2,6 9,8 5,14 5,16 2,18 12}
{0 1545_0_1550_1,6 9,7 3,9 1,14 3,16 1,17 1,18 8}
{0 1546_0_1551_1,3 2,5 2,6 20,7 3,8 8,9 1,14 5,16 5,18 9}
{0 1547_0_1552_1,1 1,3 1,6 7,8 2,16 2,18 6}
{0 1548_0_1553_1,3 5,5 4,6 7,8 3,14 8,16 3,18 7}
{0 1549_0_1554_1,1 3,3 2,5 2,6 11,8 1,11 1,14 4,16 2,18 8}
{0 1550_0_1555_1,3 1,14 1,18 2}
{0 1551_0_1556_1,1 2,3 1,6 4,7 1,8 5,11 1,14 2,16 1,18 8}
{0 1552_0_1557_1,1 1,5 2,6 9,7 3,8 11,9 1,11 1,14 5,16 4,18 8}
{0 1553_0_1558_1,1 2,3 1,6 4,8 5,11 1,14 3,16 1,18 8}
{0 1554_0_1559_1,1 1,3 2,8 3,14 4,18 7}
{0 154_0_155_1,1 1,3 3,5 1,6 7,8 9,11 1,14 4,16 4,17 1}
{0 1555_0_1560_1,1 3,3 2,5 1,6 9,8 6,11 1,14 6,16 2,18 9}
{0 1556_0_1561_1,1 3,3 2,5 1,6 5,8 4,14 3,16 2,17 3,18 9}
{0 1557_0_1562_1,1 1,6 2,8 3,16 1,18 4}
{0 1558_0_1563_1,1 1,6 1,18 6}
{0 1559_0_1564_1,3 3,6 9,8 1,14 3,16 2,18 8}
{0 1560_0_1565_1,3 1,5 4,6 8,7 1,8 7,9 1,14 5,18 8}
{0 1561_0_1566_1,3 1,5 3,6 4,8 2,18 8}
{0 1562_0_1567_1,1 1,3 2,6 8,8 1,11 4,14 2,18 11}
{0 1563_0_1568_1,3 1,5 2,6 4,7 1,8 4,14 2,16 1,18 7}
{0 1564_0_1569_1,3 2,6 5,14 3,16 2,18 5}
{0 155_0_156_1,1 1,4 1,6 12,7 1,8 2,14 8,16 3,18 8}
{0 1565_0_1570_1,1 1,3 4,5 4,6 8,8 13,14 9,16 2,17 1,18 11}
{0 1566_0_1571_1,3 2,6 12,8 1,14 2,16 3,18 7}
{0 1567_0_1572_1,5 3,6 9,8 4,9 2,14 6,16 1,18 8}
{0 1568_0_1573_1,5 5,6 37,8 6,14 8,16 15}
{0 1569_0_1574_1,1 1,3 1,5 1,6 14,8 7,14 9,16 2,17 1,18 8}
{0 1570_0_1575_1,3 5,6 4,8 2,14 5,16 1,18 9}
{0 1571_0_1576_1,1 1,3 1,5 3,6 8,8 3,14 6,16 3,18 8}
{0 1572_0_1577_1,5 1,6 2,7 2,18 8}
{0 1573_0_1578_1,1 2,4 1,6 9,8 2,11 1,14 6,16 2,18 9}
{0 1574_0_1579_1,6 9,8 3,9 2,14 2,16 1,18 8}
{0 156_0_157_1,1 1,3 2,5 1,6 5,7 3,8 6,16 1,17 2,18 9}
{0 1575_0_1580_1,3 4,5 2,6 9,14 4,16 3,18 8}
{0 1576_0_1581_1,1 1,3 2,5 1,6 12,8 10,16 5,18 11}
{0 1577_0_1582_1,1 5,3 1,5 1,6 7,8 1,16 1}
{0 1578_0_1583_1,3 4,5 1,6 5,7 1,8 4,11 1,14 7,18 8}
{0 1579_0_1584_1,1 1,3 5,5 3,6 7,8 6,11 2,14 5,16 4,18 9}
{0 1580_0_1585_1,1 3,3 1,5 3,6 13,7 1,8 1,14 5,16 1,18 9}
{0 1581_0_1586_1,3 3,5 2,6 1,8 7,14 3,18 7}
{0 1582_0_1587_1,3 7,5 1,6 17,7 4,8 6,9 2,16 5}
{0 1583_0_1588_1,1 1,3 5,5 1,6 7,7 1,8 7,14 13,16 3}
{0 1584_0_1589_1,1 3,3 2,5 1,6 9,8 8,14 5,16 1}
{0 157_0_158_1,1 1,3 1,5 2,6 5,7 2,8 4,9 1,14 3,16 1,18 9}
{0 1585_0_1590_1,1 3,6 10,7 1,8 4,18 11}
{0 1586_0_1591_1,1 4,3 8,5 2,6 14,7 2,8 4,11 4,16 5,17 1,18 9}
{0 1587_0_1592_1,14 1,18 2}
{0 1588_0_1593_1,1 2,3 1,5 2,6 6,7 1,8 6,14 7}
{0 1589_0_1594_1,1 1,5 1,6 12,7 2,8 4,9 1,11 1,14 2,16 4,18 8}
{0 1590_0_1595_1,1 1,3 1,5 3,6 4,7 1,8 5,11 1,14 8,18 8}
{0 1591_0_1596_1,5 1,6 11,7 1,8 5,9 2,14 3,16 4,18 9}
{0 1592_0_1597_1,3 1,5 2,6 7,8 12,9 2,18 11}
{0 1593_0_1598_1,3 3,5 1,6 8,7 1,8 8,9 1,11 1,14 4,16 3}
{0 1594_0_1599_1,3 1,6 11,8 7,14 4,16 4,17 2,18 9}
{0 158_0_159_1,1 2,6 6,7 1,8 8,9 1,14 8,16 2}
{0 14_0_15_1,6 4,18 6}
{0 1595_0_1600_1,1 1,3 5,6 7,8 3,14 13,16 1,18 8}
{0 1596_0_1601_1,1 3,4 1,5 1,6 7,7 3,8 2,9 1,14 3,16 2,18 8}
{0 1597_0_1602_1,3 5,5 1,6 13,7 3,8 2,11 3,14 1,16 2}
{0 1598_0_1603_1,6 7,8 2,14 8,16 2,18 8}
{0 1599_0_1604_1,1 2,3 1,4 1,5 2,6 4,8 3,14 5,18 8}
{0 1600_0_1605_1,3 2,5 4,6 4,8 4,11 2,14 4,18 8}
{0 1601_0_1606_1,1 2,3 9,5 1,6 11,8 6,14 2,17 1,18 9}
{0 1602_0_1607_1,3 4,5 1,6 5,7 1,8 3,14 8,16 1,18 9}
{0 1603_0_1608_1,1 1,3 2,6 9,8 2,14 10,16 3,18 8}
{0 1604_0_1609_1,6 10,7 1,8 5,11 2,14 7,16 2,17 1,18 9}
{0 159_0_160_1,1 2,3 1,6 11,8 4,16 2,18 8}
{0 1605_0_1610_1,1 2,3 4,5 2,6 8,7 3,8 5,9 3,11 4,14 7,17 2,18 11}
{0 1606_0_1611_1,1 2,3 5,4 1,5 2,6 7,7 1,8 4,9 1,14 7,16 3,17 1,18 8}
{0 1607_0_1612_1,1 1,5 1,6 2,8 1,9 1,14 2,18 8}
{0 1608_0_1613_1,3 5,6 7,8 1,14 9,16 4,17 1,18 9}
{0 1609_0_1614_1,1 2,4 1,6 8,7 1,8 1,11 1,14 4,16 5,17 1,18 9}
{0 1610_0_1615_1,6 22,8 1,14 3,16 4,18 9}
{0 1611_0_1616_1,1 3,6 6,7 1,8 3,16 1,18 9}
{0 1612_0_1617_1,3 2,6 5,7 1,9 1,14 2,16 1,17 1,18 8}
{0 1613_0_1618_1,5 1,6 4,7 1,8 1,14 1,18 8}
{0 1614_0_1619_1,1 2,3 3,5 3,6 7,7 3,8 7,9 1,14 11,18 9}
{0 160_0_161_1,1 1,3 1,5 1,6 6,8 3,14 2,16 2,17 1}
{0 1615_0_1620_1,3 2,5 6,6 8,8 3,16 4,18 7}
{0 1616_0_1621_1,3 1,6 12,7 1,8 6,9 1,14 3}
{0 1617_0_1622_1,3 3,5 9,6 27,8 2,9 2,11 2,14 6}
{0 1618_0_1623_1,1 1,3 2,4 1,5 6,6 14,8 5,11 1,14 5,16 2,18 9}
{0 1619_0_1624_1,5 2,6 10,8 7,11 3,14 5,16 3,18 8}
{0 1620_0_1625_1,3 6,6 5,14 4,16 2,18 8}
{0 1621_0_1626_1,1 1,3 3,5 1,6 9,8 6,11 2,14 2,16 1,18 8}
{0 1622_0_1627_1,3 1,6 8,7 3,8 4,11 2,14 1,16 2,18 8}
{0 1623_0_1628_1,1 1,3 3,5 2,6 6,7 2,8 3,14 6,16 2,17 3}
{0 1624_0_1629_1,1 4,3 1,4 1,5 1,6 10,8 8,14 11,16 3}
{0 161_0_162_1,3 1,5 1,6 8,7 2,8 5,9 1,14 4,16 2,18 12}
{0 1625_0_1630_1,1 1,3 1,5 3,6 5,7 1,8 2,14 7}
{0 1626_0_1631_1,1 3,5 1,6 6,8 5,9 1,11 1,14 4,16 4,17 2,18 8}
{0 1627_0_1632_1,1 1,5 4,6 18,7 1,8 4,9 1,11 2,14 3,16 3,17 2,18 8}
{0 1628_0_1633_1,6 3,8 1,14 2,16 1,18 8}
{0 1629_0_1634_1,3 1,5 2,6 8,7 1,8 4,9 1,14 3,16 5,18 8}
{0 1630_0_1635_1,4 1,6 7,7 3,8 1,14 7,17 1}
{0 1631_0_1636_1,1 2,3 2,5 4,6 10,7 2,8 1,9 1,14 7,16 1,17 1}
{0 1632_0_1637_1,3 1,5 1,6 1,8 2,18 8}
{0 1633_0_1638_1,3 1,4 1,5 1,6 5,7 1,8 7,9 1,16 2,18 8}
{0 1634_0_1639_1,3 2,5 2,6 5,8 6,14 3}
{0 162_0_163_1,3 1,6 7,7 1,16 2,18 8}
{0 1635_0_1640_1,1 1,5 1,6 6,8 9,14 4,18 8}
{0 1636_0_1641_1,3 2,6 10,8 2,9 3,16 1,18 8}
{0 1637_0_1642_1,6 4,7 4,8 3,9 3,14 1,18 8}
{0 1638_0_1643_1,1 2,4 1,6 13,8 12,14 7,17 1,18 11}
{0 1639_0_1644_1,1 1,3 3,6 4,8 5,11 1,14 1,17 2,18 8}
{0 1640_0_1645_1,1 1,3 5,5 1,6 9,7 1,8 1,11 1,14 8,16 1,18 11}
{0 1641_0_1646_1,1 1,5 4,6 3,7 3,9 1,17 2,18 8}
{0 1642_0_1647_1,1 1,3 2,6 3,8 3,9 2,14 1,18 6}
{0 1643_0_1648_1,1 1,3 1,5 3,6 9,7 2,8 5,14 4,17 1,18 11}
{0 1644_0_1649_1,1 1,3 5,6 7,7 1,8 4,11 2,14 2,16 1,18 9}
{0 163_0_164_1,1 1,3 4,5 2,6 5,16 1,17 1,18 8}
{0 1645_0_1650_1,1 2,3 4,5 2,6 13,7 1,8 8,9 1,14 10,16 1,18 8}
{0 1646_0_1651_1,1 2,3 1,6 7,8 3,11 3,14 1,16 1,18 9}
{0 1647_0_1652_1,3 2,8 2,14 1,18 8}
{0 1648_0_1653_1,6 3,7 1,8 2,14 6,16 2,18 8}
{0 1649_0_1654_1,1 1,4 1,5 1,6 9,8 4,14 2,16 3,18 9}
{0 1650_0_1655_1,3 3,6 2,8 1,16 1,18 8}
{0 1651_0_1656_1,3 1,5 2,6 1,18 8}
{0 1652_0_1657_1,1 3,3 2,5 1,6 4,7 1,8 3,14 7,16 1,18 8}
{0 1653_0_1658_1,3 1,5 3,6 5,8 11,11 1,14 2,16 1,18 9}
{0 1654_0_1659_1,5 3,6 16,8 5,14 3,16 2,18 9}
{0 164_0_165_1,3 2,6 6,7 3,8 1,9 1,14 1,16 2,17 1,18 9}
{0 1655_0_1660_1,1 1,6 9,8 9,16 2,18 8}
{0 1656_0_1661_1,1 1,3 8,5 4,6 10,8 2,9 1,14 5,16 3,17 3}
{0 1657_0_1662_1,1 1,6 10,8 7,11 1,14 2,16 1,17 1,18 8}
{0 1658_0_1663_1,1 1,3 3,6 9,7 2,9 2,14 1,16 3,17 2,18 9}
{0 1659_0_1664_1,1 1,3 1,5 1,6 9,8 5,14 9,16 2,18 8}
{0 1660_0_1665_1,5 1,6 10,8 7,14 3,16 1,18 9}
{0 1661_0_1666_1,1 1,3 2,5 3,6 8,7 3,8 1,14 4,16 2,18 9}
{0 1662_0_1667_1,1 1,3 1,5 1,6 10,8 6,9 1,11 1,16 3}
{0 1663_0_1668_1,3 3,5 1,6 2,8 4,11 3,14 7,18 9}
{0 1664_0_1669_1,4 1,6 13,7 1,8 2,11 2,16 3}
{0 165_0_166_1,3 1,5 2,6 12,7 2,8 5,11 1,16 1}
{0 1665_0_1670_1,3 2,5 2,6 15,7 1,8 5,17 1,18 9}
{0 1666_0_1671_1,1 2,3 7,6 15,7 5,8 6,9 1,14 2,16 2,18 11}
{0 1667_0_1672_1,1 1,6 5,8 4,14 1,17 1,18 6}
{0 1668_0_1673_1,3 2,6 3,7 1,8 3,16 2,17 1,18 5}
{0 1669_0_1674_1,1 2,3 1,5 5,6 7,8 4,11 1,14 1,16 2,18 8}
{0 1670_0_1675_1,3 2,6 7,7 1,8 2,9 1,11 1,14 2,16 1,17 1,18 11}
{0 1671_0_1676_1,3 4,5 2,6 6,8 1,14 5,16 2,18 8}
{0 1672_0_1677_1,3 1,6 9,14 3,16 2,17 1}
{0 1673_0_1678_1,3 8,6 4,7 2,8 5,9 1,14 3,18 8}
{0 1674_0_1679_1,5 2,6 10,7 1,8 2,9 2,14 4,17 1,18 8}
{0 166_0_167_1,3 5,5 2,6 10,8 2,14 2,16 3,18 8}
{0 1675_0_1680_1,3 4,6 14,7 2,8 9,16 4,18 8}
{0 1676_0_1681_1,5 1,14 6,18 6}
{0 1677_0_1682_1,1 5,3 4,5 4,6 11,8 4,18 8}
{0 1678_0_1683_1,1 1,3 1,6 4,7 2,8 2,14 4,16 1,18 7}
{0 1679_0_1684_1,1 1,5 3,6 5,8 1,14 3,16 1,18 8}
{0 1680_0_1685_1,1 2,3 5,5 1,6 11,7 1,8 1,11 1,14 1,16 2,18 8}
{0 1681_0_1686_1,3 1,6 1,8 2,14 1,18 5}
{0 1682_0_1687_1,1 5,3 3,5 1,6 20,7 1,8 8,9 1,11 2,14 13,16 2,17 1}
{0 1683_0_1688_1,1 3,3 5,4 1,5 4,6 10,8 3,14 1,16 2,18 8}
{0 1684_0_1689_1,1 3,3 2,5 1,6 5,8 1,14 1,17 1,18 7}
{0 167_0_168_1,1 1,3 1,6 10,7 1,8 7,9 1,11 1,14 2,16 2,18 9}
{0 1685_0_1690_1,1 1,3 2,6 4,7 1,8 2,14 3,18 9}
{0 1686_0_1691_1,3 1,6 11,7 2,8 3,9 1,14 5,16 4,18 11}
{0 1687_0_1692_1,1 5,3 2,5 2,6 7,8 3,9 1,14 3,16 2,18 9}
{0 1688_0_1693_1,3 5,5 2,6 10,8 6,11 1,14 9,16 6}
{0 1689_0_1694_1,1 1,3 3,5 3,6 6,8 6,11 1,14 4,16 1}
{0 1690_0_1695_1,3 1,6 9,7 2,8 6,14 5,18 9}
{0 1691_0_1696_1,3 3,5 3,6 6,8 3,9 3,14 4,16 2,18 9}
{0 1692_0_1697_1,1 1,3 1,6 8,7 2,14 8,16 2,17 1,18 8}
{0 1693_0_1698_1,3 4,5 1,6 10,8 6,14 13,18 8}
{0 1694_0_1699_1,1 2,6 9,8 2,11 1,14 1,16 1,18 8}
{0 168_0_169_1,6 7,7 1,9 1,14 1,16 1,18 6}
{0 15_0_16_1,3 2,5 1,6 10,8 5,9 1,14 5,18 12}
{0 1695_0_1700_1,3 2,5 1,6 11,7 1,8 5,11 1,14 7,16 1,17 1,18 9}
{0 1696_0_1701_1,1 1,6 8,8 4,11 1,14 7,16 3,18 8}
{0 1697_0_1702_1,5 1,6 3,8 2,18 8}
{0 1698_0_1703_1,1 2,3 1,5 2,6 5,7 2,8 5,14 11,18 11}
{0 1699_0_1704_1,1 2,4 1,5 1,6 3,8 1,14 6,16 1,18 8}
{0 1700_0_1705_1,1 2,5 2,6 10,7 1,11 1,14 4,16 2,17 1,18 12}
{0 1701_0_1706_1,3 1,5 1,6 7,7 1,8 3,14 2,18 6}
{0 1702_0_1707_1,3 2,5 2,6 4,7 1,8 4,14 3,16 1,18 7}
{0 1703_0_1708_1,5 1,6 3,14 5,17 1,18 7}
{0 1704_0_1709_1,1 5,3 1,5 3,6 10,8 1,14 23,16 4,17 1,18 8}
{0 169_0_170_1,1 3,3 1,5 2,6 13,8 4,9 2,11 1,14 4,16 3,18 8}
{0 1705_0_1710_1,1 3,3 9,5 7,6 10,11 1,14 7,16 4,17 2,18 9}
{0 1706_0_1711_1,3 2,5 1,6 1,8 1,14 3,18 6}
{0 1707_0_1712_1,6 9,7 1,8 3,11 1,14 4,16 2,18 9}
{0 1708_0_1713_1,1 1,3 8,6 7,14 6,18 8}
{0 1709_0_1714_1,3 1,5 1,6 1,8 6,14 1,16 1,17 2,18 6}
{0 1710_0_1715_1,6 9,8 4,14 5,16 6,17 3}
{0 1711_0_1716_1,3 2,5 1,6 16,8 3,9 1,14 2,16 3,18 7}
{0 1712_0_1717_1,1 1,6 6,8 2,14 2,18 8}
{0 1713_0_1718_1,1 1,4 1,5 2,6 6,8 5,14 5,16 1,18 9}
{0 1714_0_1719_1,3 2,6 9,7 3,8 1,9 1,11 1,14 1,18 8}
{0 170_0_171_1,3 4,5 3,6 6,8 3,11 1,14 5,16 1,18 8}
{0 1715_0_1720_1,1 2,3 3,5 1,6 9,7 2,8 1,9 2,11 2,14 4,16 4,18 11}
{0 1716_0_1721_1,3 2,5 5,6 11,8 1,11 1,14 9,16 4,18 9}
{0 1717_0_1722_1,6 11,8 3,14 3,16 4,17 1,18 9}
{0 1718_0_1723_1,1 1,3 1,5 2,6 6,8 6,14 6,16 4,18 9}
{0 1719_0_1724_1,5 4,6 8,8 3,14 5,16 2}
{0 1720_0_1725_1,3 3,5 2,6 14,8 1,14 6,16 5,18 9}
{0 1721_0_1726_1,3 2,5 2,6 12,8 2,14 5,16 3,18 9}
{0 1722_0_1727_1,1 1,3 7,6 12,8 4,14 3,16 7}
{0 1723_0_1728_1,1 2,3 5,5 2,6 12,7 2,8 14,14 4,16 4,18 9}
{0 1724_0_1729_1,3 2,5 3,6 9,8 4,11 1,14 1,16 1,18 8}
{0 171_0_172_1,1 1,3 3,5 2,6 8,8 7,14 1,16 2,18 8}
{0 1725_0_1730_1,1 1,3 1,4 1,5 1,6 8,7 1,8 3,9 1,14 2,16 2}
{0 1726_0_1731_1,5 3,6 3,8 5,14 7,16 1,17 2,18 9}
{0 1727_0_1732_1,5 3,6 13,8 3,9 1,11 2,14 3,16 2,17 1,18 8}
{0 1728_0_1733_1,3 2,6 13,8 1,14 4,16 4,18 8}
{0 1729_0_1734_1,3 1,6 10,8 2,9 1,16 2,18 9}
{0 1730_0_1735_1,5 3,6 6,7 1,8 3,14 3,17 1,18 7}
{0 1731_0_1736_1,1 3,3 1,5 4,6 21,7 2,8 4,9 2,14 5,16 5,17 3,18 11}
{0 1732_0_1737_1,4 1,6 7,8 2,14 7,18 8}
{0 1733_0_1738_1,3 3,5 4,6 7,7 1,8 2,14 1,16 2,18 7}
{0 1734_0_1739_1,1 1,6 10,7 1,8 1,14 7,16 2}
{0 172_0_173_1,5 5,6 1,8 3,14 3,18 8}
{0 1735_0_1740_1,5 1,6 10,8 10,17 2,18 8}
{0 1736_0_1741_1,3 3,5 1,6 1,8 4,14 3,16 1,17 1,18 8}
{0 1737_0_1742_1,3 2,6 4,8 2,14 2,16 1,18 6}
{0 1738_0_1743_1,3 4,5 2,6 14,8 5,14 3,16 3,18 9}
{0 1739_0_1744_1,3 3,5 1,6 6,8 16,11 1,14 8,16 1,17 1,18 11}
{0 1740_0_1745_1,1 1,5 1,6 6,8 7,14 4,16 1}
{0 1741_0_1746_1,5 2,6 2,7 1,8 10,11 1,14 2,17 1}
{0 1742_0_1747_1,3 5,5 2,6 12,8 1,11 1,14 12,16 2,18 8}
{0 1743_0_1748_1,1 1,6 9,7 1,8 2,14 2,16 2,18 9}
{0 1744_0_1749_1,3 3,6 2,8 1,16 2,18 6}
{0 173_0_174_1,6 4,8 4,11 1,14 3,18 8}
{0 1745_0_1750_1,5 1,6 6,7 4,8 4,14 1,16 1,17 1,18 8}
{0 1746_0_1751_1,1 1,3 1,5 3,6 13,7 4,8 1,14 1,16 4,17 2,18 8}
{0 1747_0_1752_1,3 1,6 6,7 4,8 2,9 1,14 1,17 1,18 9}
{0 1748_0_1753_1,1 2,3 1,6 5,7 1,14 2,16 2,18 8}
{0 1749_0_1754_1,3 6,6 12,8 7,14 8,16 3}
{0 1750_0_1755_1,1 1,3 3,6 6,8 5,11 1,14 1,16 1,17 1,18 8}
{0 1751_0_1756_1,6 8,7 1,8 4,14 2}
{0 1752_0_1757_1,3 2,6 4,8 2,16 1,18 8}
{0 1753_0_1758_1,3 2,5 3,6 9,8 9,9 1,14 2,16 2,17 2}
{0 1754_0_1759_1,1 1,3 1,6 13,7 1,8 5,14 1,16 4}
{0 174_0_175_1,3 2,6 7,9 1,11 2,14 3,18 8}
{0 1755_0_1760_1,1 2,3 1,5 1,6 17,7 1,8 10,9 1,14 3,16 5,18 12}
{0 1756_0_1761_1,1 1,5 1,6 3,7 3,8 2,9 2,14 6,18 8}
{0 1757_0_1762_1,6 8,7 1,8 2,14 1,16 1,18 8}
{0 1758_0_1763_1,1 1,4 1,5 2,6 4,11 1,16 2,17 1,18 12}
{0 1759_0_1764_1,1 6,4 1,5 2,6 6,7 1,8 1,14 5,16 2,17 1,18 8}
{0 1760_0_1765_1,3 3,6 4,18 5}
{0 1761_0_1766_1,3 1,5 1,6 7,7 2,8 1,9 1,14 2,16 4,18 8}
{0 1762_0_1767_1,5 2,6 8,7 1,8 7,9 2,14 10,16 1,18 9}
{0 1763_0_1768_1,1 1,3 5,5 1,6 10,8 3,14 3,16 1,18 8}
{0 1764_0_1769_1,3 1,6 3,8 4,14 1,18 9}
{0 175_0_176_1,1 1,6 9,7 1,8 4,9 1,14 1}
{0 1765_0_1770_1,1 1,3 2,4 1,6 7,8 4,11 1,14 1,16 2}
{0 1766_0_1771_1,1 1,5 5,6 8,8 5,14 3,16 2,18 8}
{0 1767_0_1772_1,6 14,7 4,8 7,16 2,17 1}
{0 1768_0_1773_1,3 1,5 3,6 12,8 2,14 2,16 2,18 8}
{0 1769_0_1774_1,3 4,6 10,8 3,16 1}
{0 1770_0_1775_1,3 5,5 1,6 7,7 1,11 1,16 1,18 9}
{0 1771_0_1776_1,1 3,3 2,5 4,6 3,7 1,8 5,14 7,17 1,18 9}
{0 1772_0_1777_1,1 1,3 7,5 5,6 3,7 2,8 9,11 3,14 6,18 11}
{0 1773_0_1778_1,5 1,6 2,8 4,11 1,16 1,18 5}
{0 1774_0_1779_1,1 1,5 5,6 14,7 4,8 4,16 3,17 2}
{0 176_0_177_1,1 2,4 1,5 2,6 3,7 1,8 4,9 1,14 3,16 1,18 8}
{0 1775_0_1780_1,1 1,4 1,6 14,8 3,14 5,16 3,17 2,18 9}
{0 1776_0_1781_1,3 2,4 1,5 1,6 11,7 1,8 6,14 2,16 5,17 3}
{0 1777_0_1782_1,1 1,3 2,5 3,6 4,8 5,14 2,16 1,18 8}
{0 1778_0_1783_1,3 7,4 1,5 3,6 20,8 5,14 8,16 2,17 1,18 8}
{0 1779_0_1784_1,3 1,5 1,6 1,8 2,14 2,18 7}
{0 1780_0_1785_1,3 1,6 9,7 2,8 8,9 2,14 4,16 4,18 8}
{0 1781_0_1786_1,6 1,16 1,18 2}
{0 1782_0_1787_1,1 1,3 2,5 2,7 2,8 5,9 2,14 1,18 7}
{0 177_0_178_1,1 2,3 4,6 11,7 1,18 8}
{0 178_0_179_1,3 1,4 1,6 5,8 6,14 4,16 1,17 1,18 8}
{0 16_0_17_1,1 2,3 2,6 14,8 3,14 3,18 8}
{0 179_0_180_1,1 2,3 2,5 2,6 10,7 1,8 6,14 7,16 1,17 1}
{0 180_0_181_1,1 1,3 1,5 1,6 14,7 2,8 5,9 1,14 3,16 4,17 1}
{0 181_0_182_1,3 4,6 8,8 5,11 1,16 1,18 8}
{0 182_0_183_1,3 3,6 7,7 1,8 9,11 1,14 4,16 1,18 8}
{0 183_0_184_1,3 1,5 2,6 17,7 2,8 6,14 14,17 1,18 8}
{0 184_0_185_1,3 1,5 2,6 16,8 1,14 14,16 3,18 8}
{0 185_0_186_1,1 1,3 8,6 11,8 2,14 5,16 2,18 8}
{0 186_0_187_1,3 1,6 4,8 1,11 1,14 1,16 2,18 5}
{0 187_0_188_1,3 1,5 1,6 5,7 1,8 6,14 7,16 1,18 9}
{0 188_0_189_1,6 2,8 2,11 1,18 6}
{0 17_0_18_1,5 4,6 6,7 1,8 10,9 1,11 3,14 2,16 2,18 8}
{0 189_0_190_1,1 1,3 1,6 15,8 2,14 1,16 4}
{0 190_0_191_1,1 3,3 3,4 1,5 1,6 9,8 3,14 3,16 1,18 8}
{0 191_0_192_1,1 5,3 4,5 1,6 19,8 3,14 2,16 5,18 11}
{0 192_0_193_1,1 2,3 1,6 9,7 1,8 2,11 4,14 3,18 8}
{0 193_0_194_1,5 3,6 9,8 3,14 4,16 2}
{0 194_0_195_1,1 2,6 4,7 1,14 1,18 5}
{0 195_0_196_1,1 2,3 4,5 1,6 10,8 4,9 1,14 3,17 1,18 8}
{0 196_0_197_1,5 2,6 22,7 4,8 4,9 1,14 3,16 6,17 1}
{0 197_0_198_1,1 1,3 2,5 2,6 18,7 2,8 5,9 1,11 1,14 5,16 6}
{0 198_0_199_1,1 1,3 3,5 1,6 21,8 7,14 6,16 2,18 11}
{0 18_0_19_1,18 4}
{0 0_0_1_1,3 4,5 1,8 3,11 1,14 3,17 1,18 8}
{0 199_0_200_1,1 2,3 2,5 1,6 5,8 3,16 2,17 1,18 8}
{0 200_0_201_1,5 1,6 7,8 2,11 2,14 3,16 3,18 9}
{0 201_0_202_1,1 2,4 1,5 2,6 10,8 4,11 2,14 4,17 1,18 8}
{0 202_0_203_1,1 1,5 7,6 6,8 1,14 14,17 1}
{0 203_0_204_1,1 1,5 1,6 11,7 1,8 1,9 2,11 1,14 5,16 6}
{0 204_0_205_1,1 6,3 1,6 12,7 1,8 10,11 2,14 3,16 3,17 1}
{0 205_0_206_1,1 1,3 4,5 4,6 8,8 5,14 3,16 1}
{0 206_0_207_1,5 2,6 7,7 1,14 7,18 8}
{0 207_0_208_1,3 2,6 7,8 2,14 3,16 5,18 6}
{0 208_0_209_1,6 4,8 1,14 3,18 6}
{0 19_0_20_1,5 1,6 2,14 1,16 1,18 6}
{0 209_0_210_1,1 1,3 2,4 1,5 1,6 2,8 2,11 1,14 10,18 9}
{0 210_0_211_1,1 3,5 2,6 8,7 1,8 1,14 2,18 6}
{0 211_0_212_1,1 2,6 8,7 1,8 1,16 1,18 7}
{0 212_0_213_1,3 2,6 8,8 4,11 1,16 1,17 2,18 8}
{0 213_0_214_1,3 2,6 8,7 1,8 3,9 1,11 1,14 1,16 3,18 8}
{0 214_0_215_1,3 4,5 1,6 10,7 4,8 2,9 1,14 3,16 4}
{0 215_0_216_1,3 6,5 4,6 13,8 2,14 1,17 4,18 8}
{0 216_0_217_1,1 2,5 1,6 13,7 2,8 4,9 1,11 2,14 8,16 4}
{0 217_0_218_1,5 2,6 7,8 5,14 3,18 8}
{0 218_0_219_1,1 3,3 2,5 1,6 9,8 4,16 2,18 9}
{0 20_0_21_1,1 1,5 2,6 13,7 1,8 5,14 1,16 4,18 8}
{0 219_0_220_1,1 1,3 1,5 3,6 3,7 3,8 3,16 2}
{0 220_0_221_1,6 1,8 2,9 1,14 1,16 1,18 6}
{0 221_0_222_1,3 2,4 2,5 1,6 13,7 1,8 3,16 3,18 9}
{0 222_0_223_1,1 1,3 1,5 2,6 8,8 5,9 2,14 3,18 8}
{0 223_0_224_1,1 2,6 10,7 1,9 1,11 2,14 7,16 3,18 8}
{0 224_0_225_1,1 3,5 3,6 13,7 1,8 7,14 8,16 1,17 1,18 12}
{0 225_0_226_1,3 1,5 1,6 3,8 2,14 2,18 8}
{0 226_0_227_1,3 2,6 6,8 3,11 1,14 1,16 1,18 9}
{0 227_0_228_1,1 1,3 6,5 1,6 11,8 1,14 7,18 8}
{0 228_0_229_1,5 2,6 3,7 2,8 3,9 1,17 2,18 8}
{0 21_0_22_1,6 1,18 3}
{0 229_0_230_1,1 2,5 1,6 15,8 7,9 1,14 2,16 3,18 9}
{0 230_0_231_1,1 3,5 2,6 3,7 1,8 5,9 1,14 4,16 1,18 8}
{0 231_0_232_1,4 1,5 1,6 19,8 3,9 1,11 1,14 5,16 4,17 1,18 12}
{0 232_0_233_1,3 1,8 1,11 1,14 5,18 7}
{0 233_0_234_1,6 6,8 4,9 1,14 6,16 2,17 1,18 8}
{0 234_0_235_1,1 1,3 1,5 1,6 3,7 3,8 5,9 3,14 8,16 2,18 7}
{0 235_0_236_1,3 1,5 3,6 2,8 2,14 3,18 6}
{0 236_0_237_1,3 3,6 8,8 2,14 4,16 1,18 8}
{0 237_0_238_1,1 1,4 1,5 3,6 9,8 5,14 1,16 3,18 9}
{0 238_0_239_1,3 8,5 6,6 1,8 8,14 5,16 1,18 9}
{0 22_0_23_1,1 1,3 2,6 19,7 2,8 9,11 1,14 8,16 3}
{0 239_0_240_1,1 2,3 2,6 2,7 1,8 4,14 2,18 8}
{0 240_0_241_1,3 1,4 1,5 1,6 2,9 1,16 1,18 9}
{0 241_0_242_1,5 1,6 12,8 5,14 5,16 1,18 9}
{0 242_0_243_1,1 2,3 1,5 6,6 14,8 8,14 11,16 1,17 2,18 11}
{0 243_0_244_1,3 1,5 3,6 9,7 1,8 3,14 1,16 2,17 1,18 7}
{0 244_0_245_1,5 1,6 3,9 1,14 2,16 1,17 2,18 7}
{0 245_0_246_1,3 2,5 1,6 12,8 2,11 1,14 4,16 2,18 11}
{0 246_0_247_1,1 1,6 3,7 3,8 4,14 2,17 1,18 8}
{0 247_0_248_1,1 1,5 1,6 6,8 5,14 5,17 1,18 9}
{0 248_0_249_1,3 2,5 3,6 10,8 4,14 2,16 4,18 9}
{0 23_0_24_1,3 1,6 9,8 14,14 5,16 2,18 11}
{0 249_0_250_1,1 1,6 8,8 6,14 2,16 2}
{0 250_0_251_1,3 3,5 3,6 10,8 9,9 1,11 1,14 5,16 3,17 1,18 9}
{0 251_0_252_1,3 4,5 1,6 10,8 4,9 1,14 3,16 2,17 1,18 9}
{0 252_0_253_1,3 5,5 2,6 2,8 4,14 1,16 1,17 3,18 6}
{0 253_0_254_1,1 1,3 3,5 3,6 4,7 1,8 7,9 1,11 1,14 9}
{0 254_0_255_1,1 2,5 3,6 5,8 10,14 7,18 8}
{0 255_0_256_1,1 2,3 2,6 11,8 5,14 1,16 1,18 8}
{0 256_0_257_1,1 1,3 8,5 2,6 17,8 1,11 1,14 2,16 3,18 8}
{0 257_0_258_1,1 1,3 2,5 2,6 14,7 4,8 6,9 1,11 1,14 9,16 3,18 11}
{0 258_0_259_1,1 2,3 3,5 2,6 9,7 1,8 8,11 1,14 6,16 1,18 9}
{0 24_0_25_1,1 1,3 3,5 1,6 3,11 1,14 2,18 8}
{0 259_0_260_1,3 1,5 3,6 6,8 3,14 4,17 1,18 7}
{0 260_0_261_1,1 2,5 2,6 6,8 4,14 7,18 9}
{0 261_0_262_1,3 1,5 4,6 9,8 2,14 3,18 8}
{0 262_0_263_1,3 1,5 2,6 11,7 2,8 3,9 1,14 4,17 1}
{0 263_0_264_1,1 1,5 3,6 13,8 5,11 1,14 1,16 6,18 8}
{0 264_0_265_1,6 15,8 4,14 5,16 2,17 1,18 11}
{0 265_0_266_1,1 3,3 1,6 7,7 2,8 8,11 1,14 1,16 2,17 1,18 11}
{0 266_0_267_1,1 1,6 9,7 2,8 4,11 2,16 1}
{0 267_0_268_1,3 1,6 5,7 1,9 1,11 1,14 2,16 3,18 8}
{0 268_0_269_1,1 1,5 1,6 11,7 1,8 3,14 4,16 2,18 9}
{0 25_0_26_1,1 2,5 2,6 14,8 4,11 1,16 4,17 1,18 9}
{0 269_0_270_1,1 2,3 1,5 3,6 4,8 4,14 2,16 2,18 8}
{0 270_0_271_1,3 2,6 3,8 3,11 1,14 4,16 2,18 8}
{0 271_0_272_1,3 8,5 3,6 6,8 4,11 1,14 5}
{0 272_0_273_1,3 5,6 7,7 1,8 3,16 2,18 8}
{0 273_0_274_1,5 1,6 4,7 3,8 1,9 1,14 6,18 9}
{0 274_0_275_1,1 4,4 1,6 8,8 3,11 1,14 3,18 11}
{0 275_0_276_1,6 5,8 5,14 1,16 2,18 8}
{0 276_0_277_1,1 1,5 2,6 10,7 1,8 3,9 1,11 1,14 3,16 5,18 9}
{0 277_0_278_1,1 3,3 1,4 1,5 1,6 4,8 1,11 1,14 2,16 1,18 8}
{0 278_0_279_1,1 2,3 1,6 13,7 2,8 4,9 1,14 4,16 1}
{0 26_0_27_1,3 2,6 2,7 1,8 1,14 1,18 4}
{0 279_0_280_1,1 3,3 1,6 5,8 4,11 1,14 1,16 1}
{0 280_0_281_1,3 5,6 3,8 4,14 3,16 1,18 7}
{0 281_0_282_1,3 2,4 1,6 12,7 1,8 1,14 3,16 4,17 1,18 8}
{0 282_0_283_1,1 1,3 1,5 1,6 4,14 6,16 1,18 6}
{0 283_0_284_1,1 1,5 2,6 3,8 1,14 1,16 2,17 1,18 8}
{0 284_0_285_1,1 1,3 1,4 1,6 11,7 5,8 6,9 2,14 3,16 1,18 11}
{0 285_0_286_1,5 1,6 1,18 4}
{0 286_0_287_1,1 1,3 1,5 1,6 13,7 2,8 5,11 1,14 5,16 1,18 12}
{0 287_0_288_1,1 2,3 5,6 7,8 1,14 1,16 1,18 8}
{0 288_0_289_1,1 2,3 2,5 2,6 8,7 1,8 7,17 1}
{0 27_0_28_1,1 1,4 1,5 1,6 4,7 1,8 5,9 1,11 1,14 6,16 1,17 1,18 9}
{0 289_0_290_1,1 1,3 3,6 16,7 3,8 10,9 3,14 12,16 2,18 11}
{0 290_0_291_1,1 3,4 1,6 10,8 1,9 1,14 4,16 2,17 1,18 11}
{0 291_0_292_1,3 1,5 3,6 8,7 1,8 1,9 1,14 9,17 1,18 11}
{0 292_0_293_1,3 3,5 3,6 8,17 1,18 8}
{0 293_0_294_1,1 1,3 1,5 1,6 12,8 7,11 1,14 6,16 2}
{0 294_0_295_1,1 3,3 5,5 1,6 10,8 1,14 1,16 3,17 1}
{0 295_0_296_1,1 3,3 2,5 8,6 6,8 1,14 7,16 1,17 2}
{0 296_0_297_1,3 10,6 16,7 1,8 2,14 10,16 4,18 9}
{0 297_0_298_1,3 3,5 3,6 3,7 1,8 3,14 3,18 8}
{0 298_0_299_1,3 1,5 1,6 4,7 1,8 4,16 1,18 8}
{0 28_0_29_1,1 1,3 2,5 1,6 4,8 2,11 2,14 7,18 9}
{0 1_0_2_1,1 2,3 1,5 1,6 9,7 2,8 3,9 1,14 5,16 1,18 9}
{0 299_0_300_1,4 1,6 15,7 2,8 3,14 3,16 2,17 1,18 8}
{0 300_0_301_1,3 1,5 1,6 5,8 4,17 1,18 9}
{0 301_0_302_1,1 1,3 2,5 1,6 11,8 1,11 1,14 2,16 1}
{0 302_0_303_1,1 3,3 2,6 8,7 1,8 3,14 9,17 1}
{0 303_0_304_1,3 4,5 1,6 12,8 1,14 1,16 5,18 9}
{0 304_0_305_1,1 2,3 4,5 1,6 19,7 2,8 4,9 3,14 13,16 3}
{0 305_0_306_1,3 2,4 1,5 4,6 10,8 4,14 10,16 3,17 1,18 8}
{0 306_0_307_1,3 2,4 1,6 6,7 1,8 7,14 2,18 9}
{0 307_0_308_1,3 1,5 5,8 2,14 3,17 1,18 6}
{0 308_0_309_1,3 4,5 2,6 15,7 4,8 5,9 1,11 2,14 2,18 9}
{0 29_0_30_1,6 9,8 2,14 3,16 4,18 8}
{0 309_0_310_1,5 1,6 9,7 1,8 6,14 5,16 1}
{0 310_0_311_1,5 2,6 5,7 1,8 4,9 1,14 8,16 1,18 9}
{0 311_0_312_1,3 1,5 1,6 2,18 7}
{0 312_0_314_1,1 1,3 1,5 2,6 7,8 8,16 2,18 9}
{0 313_0_315_1,1 3,3 1,5 1,6 15,8 3,14 2,16 2}
{0 314_0_316_1,1 3,6 17,8 4,11 2,14 8,16 1,18 9}
{0 315_0_317_1,1 5,6 11,8 4,14 7,16 4,17 1}
{0 316_0_318_1,1 3,3 3,6 4,7 3,8 4,14 6,16 2,17 1,18 8}
{0 317_0_319_1,5 1,6 9,11 1,14 4,18 9}
{0 30_0_31_1,3 4,5 1,6 8,8 10,14 1,16 1}
{0 318_0_320_1,3 3,6 3,7 1,14 4,17 1,18 8}
{0 319_0_321_1,3 2,6 10,8 4,11 1,14 4,17 1,18 12}
{0 320_0_322_1,5 1,6 7,7 1,8 7,9 1,14 4,17 2,18 8}
{0 321_0_323_1,3 1,4 2,6 17,8 8,9 1,14 3,16 2,17 2}
{0 322_0_324_1,3 1,6 13,8 1,11 1,14 5,16 2,18 8}
{0 323_0_325_1,3 2,5 1,6 10,7 2,8 8,9 1,14 4,17 1,18 9}
{0 324_0_326_1,1 1,3 2,5 3,6 15,7 2,8 7,11 1,14 2,16 4}
{0 325_0_327_1,1 2,5 2,6 10,8 6,14 8,16 1,18 6}
{0 326_0_328_1,5 1,6 8,7 1,8 8,14 7,17 3,18 8}
{0 327_0_329_1,3 3,5 6,6 5,8 2,14 2,17 1,18 8}
{0 31_0_32_1,1 1,5 1,6 13,7 2,8 2,9 1,14 5,16 4,17 1}
{0 328_0_330_1,1 1,3 7,5 2,6 26,8 3,14 1,16 7,18 11}
{0 329_0_331_1,1 1,4 1,6 14,7 1,8 4,9 2,14 10,16 4}
{0 330_0_332_1,1 2,3 1,6 2,7 1,8 2,9 1,18 8}
{0 331_0_333_1,1 1,3 1,6 5,8 9,11 2,14 2,16 1,18 9}
{0 332_0_334_1,1 1,3 7,5 6,6 8,7 1,8 8,11 1,14 10,16 5}
{0 333_0_335_1,1 1,3 2,5 1,6 6,7 2,8 3,14 1,16 1,18 9}
{0 334_0_336_1,1 2,3 1,6 20,7 2,8 5,14 4,16 6,17 2,18 11}
{0 335_0_337_1,6 1,7 3,8 3,9 1,11 1,14 3}
{0 336_0_338_1,3 3,5 4,6 3,8 2,16 2,17 1,18 8}
{0 337_0_339_1,3 2,5 2,6 19,8 9,14 5,16 10,18 11}
{0 32_0_33_1,6 4,8 2,18 6}
{0 338_0_340_1,1 2,5 2,6 4,7 2,8 5,9 1,14 1,16 1,18 9}
{0 339_0_341_1,3 1,6 8,7 1,8 3,9 1,14 4,18 8}
{0 340_0_342_1,1 2,3 5,6 10,8 4,11 1,14 6,16 6,18 9}
{0 341_0_343_1,6 4,8 3,16 1,18 9}
{0 342_0_345_1,3 5,6 2,8 3,11 2,14 4,16 1}
{0 343_0_346_1,1 2,3 5,5 4,6 16,8 10,9 1,14 1,16 2,17 1,18 12}
{0 344_0_347_1,1 3,5 1,6 4,8 3,14 5,17 1,18 7}
{0 345_0_348_1,1 1,3 2,5 3,6 10,11 1,14 3,16 1,18 8}
{0 346_0_349_1,1 4,6 11,8 6,9 1,14 5,18 8}
{0 33_0_34_1,1 2,5 2,6 5,8 2,14 6,16 1,18 8}
{0 347_0_350_1,3 6,5 9,6 3,8 2,14 5,17 1,18 8}
{0 348_0_351_1,5 1,6 7,7 4,8 5,9 2,14 2,16 1,18 9}
{0 349_0_352_1,3 3,5 1,6 5,8 2,16 2,17 2,18 7}
{0 350_0_353_1,3 1,5 2,6 2,8 2,18 5}
{0 351_0_354_1,3 3,6 2,7 1,8 4,9 1,14 4,18 8}
{0 352_0_355_1,5 4,6 3,7 1,8 5,14 1,16 1,17 1,18 6}
{0 353_0_356_1,5 1,6 4,7 1,8 3,11 1,14 4,16 2,18 8}
{0 354_0_357_1,3 1,6 5,8 5,9 1,14 4,18 8}
{0 355_0_358_1,3 3,6 5,8 3,14 5,16 1,18 7}
{0 356_0_359_1,18 2}
{0 34_0_35_1,5 2,6 6,14 1,16 1,18 9}
{0 357_0_360_1,3 1,6 3,11 2,14 1,18 6}
{0 358_0_361_1,1 1,6 14,7 2,8 5,9 1,14 5,16 2}
{0 359_0_362_1,1 3,5 5,6 10,7 3,8 4,11 1,14 9,16 4}
{0 360_0_363_1,3 4,6 4,8 4,14 8,16 1,18 8}
{0 361_0_364_1,3 2,5 1,6 9,8 6,14 3,18 11}
{0 362_0_365_1,3 1,5 5,6 5,8 3,14 3,16 1,18 9}
{0 363_0_366_1,3 1,6 7,7 1,8 7,9 1,11 1,14 4,16 3,17 1,18 8}
{0 364_0_367_1,1 2,3 3,6 5,7 2,8 6,9 2,14 2,18 8}
{0 365_0_368_1,5 2,6 5,7 2,8 5,18 9}
{0 366_0_369_1,5 1,6 6,7 1,8 2,14 2,17 1,18 8}
{0 35_0_36_1,1 1,3 4,4 1,5 2,6 16,8 8,14 7,16 3,17 1}
{0 367_0_370_1,1 1,3 2,5 1,6 12,7 1,8 3,11 1,14 4,16 2}
{0 368_0_371_1,1 1,4 1,5 1,6 4,8 1,14 6,16 1,18 8}
{0 369_0_372_1,1 5,3 1,5 1,6 7,7 1,8 2,14 5,16 2}
{0 370_0_373_1,1 1,3 1,6 9,14 4,16 4,18 8}
{0 371_0_374_1,1 2,3 7,5 2,6 3,8 2,14 2,16 1,18 7}
{0 372_0_375_1,3 3,5 3,8 4,18 4}
{0 373_0_376_1,3 2,5 2,6 7,7 1,8 3,14 7,16 3,18 8}
{0 374_0_377_1,3 1,5 1,6 6,7 4,8 6,14 3,16 1}
{0 375_0_378_1,1 1,3 3,5 4,6 11,7 1,8 2,9 1,14 4,16 3,17 1,18 11}
{0 376_0_379_1,1 1,3 2,4 1,5 2,6 12,7 1,8 3,14 7,16 4,17 2,18 9}
{0 36_0_37_1,3 3,4 1,5 1,6 13,7 1,8 1,16 3,18 12}
{0 377_0_380_1,1 1,3 2,5 2,6 8,8 3,14 4,16 2,17 1}
{0 378_0_381_1,1 1,6 12,7 2,8 10,9 2,14 3,16 1}
{0 379_0_382_1,5 1,6 3,8 2,14 1,18 7}
{0 380_0_383_1,1 1,3 3,4 1,5 3,6 18,7 1,8 2,11 1,14 4,16 3,17 1,18 11}
{0 381_0_384_1,1 2,3 1,5 4,6 6,8 3,11 1,18 8}
{0 382_0_385_1,1 1,3 2,5 4,6 16,7 1,8 1,14 2,16 3,18 11}
{0 383_0_386_1,3 1,5 2,6 13,7 1,8 4,14 2,16 3}
{0 384_0_387_1,1 2,3 3,6 10,7 1,8 2,14 4,16 1,18 8}
{0 385_0_388_1,1 1,3 1,5 1,6 5,7 1,8 2,9 3,14 3,16 1,18 7}
{0 386_0_389_1,1 1,3 2,6 8,7 1,8 1,9 2,14 3,16 4,17 1,18 8}
{0 37_0_38_1,5 6,6 11,7 3,8 3,9 2,11 1,14 2,17 1,18 8}
{0 387_0_390_1,1 6,3 1,5 1,6 7,7 1,8 6,14 10,16 3}
{0 388_0_391_1,1 3,5 1,6 7,8 6,14 8,16 3,18 12}
{0 389_0_392_1,1 1,3 1,6 20,8 2,14 2,17 1,18 8}
{0 390_0_393_1,1 1,3 2,6 7,8 4,14 8,17 1,18 8}
{0 391_0_394_1,1 2,3 3,5 1,6 3,8 6,14 2,16 1,18 7}
{0 392_0_395_1,5 3,6 1,8 3,14 2,16 1,18 6}
{0 393_0_396_1,1 1,3 4,5 1,6 9,8 5,11 1,14 1,16 1,18 7}
{0 394_0_397_1,1 1,3 1,5 3,6 15,8 12,14 5,16 2}
{0 395_0_398_1,3 2,5 1,6 7,7 1,8 3,9 1,11 1,14 3}
{0 396_0_399_1,5 2,6 9,7 2,8 4,9 1,14 7,16 4,18 8}
{0 38_0_39_1,3 1,6 9,7 1,8 6,11 1,14 6,16 3}
{0 2_0_3_1,5 1,6 7,8 5,14 2,16 3,17 1,18 7}
{0 397_0_400_1,3 3,6 6,7 1,8 4,9 1,14 4,18 8}
{0 398_0_401_1,3 2,6 3,7 2,8 4,14 1,18 6}
{0 399_0_402_1,6 4,7 1,8 1,9 1,14 3,16 3,18 8}
{0 400_0_403_1,5 2,6 11,8 1,14 10,16 2,18 8}
{0 401_0_404_1,3 4,5 5,6 5,7 1,8 2,11 1,14 3,16 3,17 1,18 8}
{0 402_0_405_1,1 3,5 2,6 21,8 6,9 1,11 1,14 7,16 6,17 1,18 9}
{0 403_0_406_1,1 2,3 13,5 3,6 2,7 2,8 7,14 1,16 1,18 8}
{0 404_0_407_1,3 1,5 1,6 7,8 2,11 2,14 2,16 1,18 8}
{0 405_0_408_1,3 7,6 10,8 2,16 2,18 8}
{0 406_0_409_1,3 2,6 6,8 1,14 11,16 2,18 8}
{0 39_0_40_1,3 1,6 4,14 1,16 1,18 7}
{0 407_0_410_1,1 1,3 2,5 1,6 7,7 3,8 6,9 2,11 1,14 3,18 8}
{0 408_0_411_1,1 9,3 4,6 21,7 1,8 3,14 2,16 3,17 1,18 12}
{0 409_0_412_1,6 4,8 5,9 1,14 5}
{0 410_0_413_1,3 3,5 2,6 4,7 1,8 5,14 10,17 1,18 9}
{0 411_0_414_1,3 3,5 1,6 10,8 2,11 1,14 3,16 2,18 8}
{0 412_0_415_1,3 2,4 1,6 2,7 1,8 3,14 3,17 1,18 7}
{0 413_0_416_1,1 2,3 2,5 1,6 3,8 2,18 6}
{0 414_0_417_1,3 1,6 5,8 1,14 6,16 2,18 8}
{0 415_0_418_1,3 5,5 2,6 12,7 1,8 9,11 1,14 6,16 3,18 12}
{0 416_0_419_1,6 3,8 1,18 6}
{0 40_0_41_1,3 1,18 2}
{0 417_0_420_1,6 7,8 4,14 2,16 1,17 1,18 8}
{0 418_0_421_1,1 2,3 1,5 4,6 4,7 1,8 7,9 1,14 4,16 2,18 6}
{0 419_0_422_1,3 1,6 5,8 2,9 1,14 8,17 1,18 7}
{0 420_0_423_1,3 5,5 3,6 16,8 4,11 1,14 6,16 3,17 1,18 9}
{0 421_0_424_1,1 9,3 2,5 1,6 16,7 4,8 1,9 1,11 1,16 4,18 9}
{0 422_0_425_1,3 1,5 1,6 2,8 8,11 1,14 4}
{0 423_0_426_1,6 12,8 3,16 3,17 1,18 9}
{0 424_0_427_1,1 4,3 5,5 3,6 7,8 3,14 9,16 2,17 1,18 11}
{0 425_0_428_1,3 1,5 2,6 3,7 2,8 10,14 4,18 8}
{0 426_0_429_1,1 1,3 5,5 2,6 15,7 1,8 4,9 1,14 2,17 1,18 9}
{0 41_0_42_1,1 1,3 3,5 3,6 3,8 4,14 1,17 1,18 8}
{0 427_0_430_1,3 1,5 4,6 9,8 8,11 1,14 5,16 1,17 1,18 8}
{0 428_0_431_1,1 2,3 4,5 1,6 19,8 5,14 5,16 3,18 11}
{0 429_0_432_1,6 7,8 2,14 1,18 8}
{0 430_0_433_1,5 2,6 15,7 2,8 6,9 1,14 2,17 1,18 11}
{0 431_0_434_1,5 7,6 8,7 1,8 1,14 6,18 7}
{0 432_0_435_1,1 1,3 1,6 18,7 1,8 15,14 5,16 1,17 3,18 11}
{0 433_0_436_1,3 7,5 1,6 9,8 2,11 1,14 5,16 2,18 8}
{0 434_0_437_1,3 2,5 1,6 9,7 1,8 3,11 1,14 2,16 2,18 8}
{0 435_0_438_1,1 3,5 1,6 2,8 2,14 1,18 8}
{0 436_0_439_1,1 2,3 3,6 16,7 1,8 7,9 1,14 4,16 4}
{0 42_0_43_1,3 1,5 1,7 1,8 3,9 1,14 2,17 1,18 6}
{0 437_0_440_1,3 6,4 1,5 3,6 7,8 2,14 5,16 3,17 1,18 8}
{0 438_0_441_1,1 1,3 3,6 6,7 1,11 1,14 3,16 3,18 8}
{0 439_0_442_1,3 5,6 16,8 2,14 7,16 7,17 1}
{0 440_0_443_1,3 9,5 1,6 6,8 1,14 2,16 1,18 8}
{0 441_0_444_1,1 1,5 1,6 7,8 1,16 3,17 1,18 8}
{0 442_0_445_1,3 5,6 6,7 2,14 5,18 8}
{0 443_0_446_1,1 1,3 2,5 1,6 11,7 1,8 7,14 1,16 3}
{0 444_0_447_1,1 1,3 6,5 1,6 12,7 1,8 6,14 3,16 4,17 4,18 11}
{0 445_0_448_1,1 3,3 1,6 17,7 1,8 2,16 2,18 9}
{0 446_0_449_1,3 1,17 1,18 2}
{0 43_0_44_1,1 1,3 1,6 7,8 1,18 8}
{0 447_0_450_1,1 1,5 3,6 7,8 3,14 4,16 3,18 7}
{0 448_0_451_1,3 3,5 8,6 9,8 6,9 1,11 3,14 4,16 2,18 8}
{0 449_0_452_1,3 4,6 3,8 4,14 2,18 7}
{0 450_0_453_1,1 1,3 2,6 7,8 9,11 1,16 1,17 1,18 9}
{0 451_0_454_1,1 3,3 2,4 1,5 1,6 7,8 3,9 2,11 1,14 3,18 8}
{0 452_0_455_1,9 1,17 1,18 4}
{0 453_0_456_1,3 4,5 1,6 2,7 1,8 5,9 1,14 8,16 2,18 7}
{0 454_0_457_1,1 1,6 18,8 6,14 7,16 1,17 1}
{0 455_0_458_1,3 2,6 2,8 3,11 1,14 1,16 1,17 1,18 9}
{0 456_0_459_1,1 1,3 1,6 9,14 3,17 1,18 8}
{0 44_0_45_1,5 6,7 1,8 10,9 1,11 2,14 1,18 8}
{0 457_0_460_1,3 1,4 1,5 1,6 3,8 5,9 1,11 1,14 5,18 8}
{0 458_0_461_1,1 3,6 6,7 1,8 9,9 1,14 7,17 1,18 8}
{0 459_0_462_1,5 1,6 7,14 9,16 1,18 8}
{0 460_0_463_1,6 11,8 2,11 2,14 2,16 2,17 2,18 8}
{0 461_0_464_1,6 6,8 4,14 5,16 2,18 7}
{0 462_0_465_1,6 5,8 2,14 4,16 1,17 2,18 8}
{0 463_0_466_1,1 1,3 1,6 3,8 8,14 10,16 1,18 9}
{0 464_0_467_1,3 3,6 9,8 3,11 1,14 6,16 2,18 8}
{0 465_0_468_1,5 2,6 6,8 4,9 1,14 1,16 1,18 8}
{0 466_0_469_1,3 2,6 5,8 11,18 9}
{0 45_0_46_1,3 5,5 1,6 5,8 7,11 1,14 14,18 8}
{0 467_0_470_1,3 2,5 2,6 11,8 1,14 2,17 1,18 8}
{0 468_0_471_1,6 5,8 2,14 6,16 2,17 1,18 8}
{0 469_0_472_1,6 3,7 1,8 3,9 1,11 1,14 4,18 12}
{0 470_0_473_1,3 2,6 1,8 2,14 10,17 1,18 7}
{0 471_0_474_1,6 3,7 1,16 1,17 1,18 6}
{0 472_0_475_1,1 1,3 3,6 9,7 2,8 10,9 1,14 3,16 1,18 9}
{0 473_0_476_1,1 2,5 2,6 2,8 1,14 3,16 2,18 8}
{0 474_0_477_1,3 2,5 1,6 1,7 1,8 1,14 1,18 6}
{0 475_0_478_1,1 2,3 2,6 6,8 6,14 3,18 8}
{0 476_0_479_1,5 1,6 7,7 1,8 4,14 5,16 1,17 1}
{0 46_0_47_1,3 1,4 1,6 8,8 6,11 1,14 2,16 1,18 8}
{0 477_0_480_1,3 4,5 1,6 2,8 3,14 1,18 8}
{0 478_0_481_1,3 1,5 2,6 10,7 1,8 4,14 3,16 2}
{0 479_0_482_1,1 1,5 2,6 11,7 1,8 2,9 1,16 2,18 9}
{0 480_0_483_1,1 1,3 7,5 2,6 3,7 1,8 8,14 3,17 1,18 9}
{0 481_0_484_1,1 1,3 1,5 1,6 2,8 2,18 7}
{0 482_0_485_1,3 1,5 3,6 5,7 1,8 3,9 3,16 1,17 1}
{0 483_0_486_1,3 4,5 3,6 20,8 8,9 3,11 1,14 3,16 6,18 9}
{0 484_0_487_1,3 6,6 8,7 3,8 8,14 4,16 2,17 2,18 8}
{0 485_0_488_1,1 1,3 2,6 6,8 6,9 1,14 9,16 1,18 8}
{0 486_0_489_1,3 1,5 4,6 8,8 3,14 2,16 2,17 1,18 9}
{0 47_0_48_1,1 1,3 4,5 2,6 3,7 2,8 10,9 1,11 1,14 7,16 1,18 11}
{0 487_0_490_1,1 1,3 1,5 1,6 13,7 3,8 3,9 3,14 12,18 8}
{0 488_0_491_1,3 3,6 10,8 7,14 1,16 3,18 8}
{0 489_0_492_1,3 3,5 2,6 9,8 2,9 1,14 4,16 1,17 2,18 7}
{0 490_0_493_1,3 1,5 2,6 3,14 3,17 1,18 8}
{0 491_0_494_1,1 2,4 1,6 20,7 4,8 6,9 1,14 3,16 6,18 9}
{0 492_0_495_1,3 2,5 2,6 5,8 4,14 1,16 1,17 1,18 8}
{0 493_0_496_1,3 1,5 2,6 5,14 2,17 1,18 9}
{0 494_0_497_1,1 1,3 2,5 4,6 24,7 1,8 17,14 6,16 5,17 3,18 9}
{0 495_0_498_1,1 1,3 5,4 2,6 10,7 4,8 2,9 1,16 4,18 12}
{0 496_0_499_1,1 1,3 1,6 10,8 3,14 3,16 3,18 9}
{0 48_0_49_1,1 4,3 1,5 1,6 9,8 4,9 1,14 7,18 6}
{0 3_0_4_1,3 3,6 12,7 1,8 7,9 1,16 7}
{0 497_0_500_1,6 6,7 1,8 8,14 7,16 2,17 1}
{0 498_0_501_1,6 12,8 11,14 3,16 2,18 8}
{0 499_0_502_1,3 3,6 4,14 5,18 7}
{0 500_0_503_1,1 1,3 2,6 5,8 6,9 2,11 1,14 1,16 5,18 8}
{0 501_0_504_1,3 3,6 9,8 11,9 1,11 2,14 4,16 2}
{0 502_0_505_1,1 2,5 3,6 11,8 4,14 4,16 1}
{0 503_0_506_1,1 2,3 6,5 5,6 5,8 4,14 5,16 4,18 7}
{0 504_0_507_1,1 1,3 4,5 3,6 19,8 6,11 1,14 2,16 3,17 1}
{0 505_0_508_1,5 2,6 6,11 3,16 1,17 1,18 9}
{0 506_0_509_1,1 2,3 2,5 2,6 5,8 8,14 2,16 1,18 11}
{0 49_0_50_1,1 1,3 1,6 1,8 2,18 5}
{0 507_0_510_1,1 1,3 2,5 1,6 6,7 2,8 3,14 4,17 1,18 7}
{0 508_0_511_1,1 2,3 5,6 4,8 3,18 8}
{0 509_0_512_1,3 1,8 7,9 1,14 2,18 8}
{0 510_0_513_1,1 1,3 2,6 6,7 1,8 4,14 4,18 8}
{0 511_0_514_1,6 7,8 3,11 1,14 7,16 2,18 8}
{0 512_0_515_1,3 2,5 2,6 5,8 6,14 1,16 1,18 8}
{0 513_0_516_1,1 3,3 1,5 2,6 19,7 1,8 6,9 1,14 8,16 3,18 8}
{0 514_0_517_1,1 2,5 3,6 7,8 6,14 4,18 8}
{0 515_0_518_1,3 1,6 7,8 7,14 3,16 3,18 8}
{0 516_0_519_1,1 3,6 12,8 9,14 4,16 3,18 12}
{0 50_0_51_1,1 6,3 6,4 1,5 5,6 4,7 1,8 7,9 2,11 1,14 15,16 1,17 1,18 9}
{0 517_0_520_1,3 5,6 4,11 1,16 3,17 2,18 6}
{0 518_0_521_1,1 1,3 4,6 7,7 3,8 3,14 3,16 3,18 7}
{0 519_0_522_1,1 8,3 2,5 1,6 9,7 1,8 1,14 5,18 9}
{0 520_0_523_1,1 2,6 12,8 8,9 1,14 4,16 4,17 1}
{0 521_0_524_1,4 1,5 2,6 7,8 2,14 5,16 4,18 8}
{0 522_0_525_1,1 7,3 2,6 5,8 6,9 1,14 9,16 3,18 9}
{0 523_0_526_1,3 1,5 1,6 8,7 1,8 2,9 1,14 4,16 1,18 7}
{0 524_0_527_1,3 2,4 1,5 3,6 5,7 1,8 4,14 5,16 1,18 8}
{0 525_0_528_1,1 1,3 2,5 3,6 2,7 1,8 4,9 1,14 2,18 6}
{0 526_0_529_1,1 2,3 1,6 11,8 4,14 1,16 1,17 1,18 7}
{0 51_0_52_1,1 2,3 1,6 13,8 3,11 2,18 7}
{0 527_0_530_1,1 6,3 4,5 1,6 4,7 3,8 3,9 1,11 1,14 4}
{0 528_0_531_1,1 2,5 5,6 2,7 1,8 3,14 2,16 2,17 1}
{0 529_0_532_1,1 1,3 1,5 3,6 8,7 1,8 6,14 7,16 1,17 1,18 8}
{0 530_0_533_1,1 1,3 1,5 3,6 13,7 1,8 9,9 3,14 3,16 3,17 2,18 8}
{0 531_0_534_1,1 2,4 1,6 16,7 4,8 10,9 1,14 1,16 1,17 3,18 11}
{0 532_0_535_1,1 3,3 3,4 1,5 4,6 4,8 1,14 8,18 8}
{0 533_0_536_1,3 1,4 2,5 2,6 12,8 4,11 1,18 8}
{0 534_0_537_1,3 1,6 8,8 3,14 5,16 1,18 8}
{0 535_0_538_1,3 1,5 2,6 2,8 14,14 1,17 1,18 8}
{0 536_0_539_1,1 2,3 5,5 7,6 10,8 4,11 1,14 1,16 5,18 9}
{0 52_0_53_1,3 3,4 1,5 2,6 21,7 1,8 7,14 6,16 3,18 8}
{0 537_0_540_1,3 3,6 8,8 2,16 1,17 3,18 8}
{0 538_0_541_1,1 1,3 4,5 3,6 9,7 1,8 3,9 2,14 9,16 1,18 8}
{0 539_0_542_1,5 1,6 14,7 1,8 2,9 1,14 5,16 1}
{0 540_0_543_1,1 3,5 2,6 10,7 1,14 1,16 2,18 8}
{0 541_0_544_1,3 4,5 1,6 8,7 1,8 2,9 1,14 3,16 2,18 8}
{0 542_0_545_1,6 1,16 1,18 2}
{0 543_0_546_1,1 1,5 1,6 1,18 6}
{0 544_0_547_1,3 5,5 3,6 5,8 2,14 10,17 1,18 8}
{0 545_0_548_1,5 2,6 8,8 4,14 3,16 2,18 8}
{0 546_0_549_1,3 3,5 1,6 13,7 1,8 5,11 1,14 4,16 4,18 8}
{0 53_0_54_1,3 1,5 2,6 8,7 3,8 2,9 1,14 6,16 1}
{0 547_0_550_1,1 2,3 3,5 2,6 12,7 1,8 4,14 2,16 2,17 1}
{0 548_0_551_1,3 5,5 1,6 2,8 1,17 1,18 8}
{0 549_0_552_1,3 7,6 5,8 1,14 5,18 6}
{0 550_0_553_1,3 4,6 4,7 1,8 6,14 1,17 4,18 8}
{0 551_0_554_1,3 2,4 1,5 1,6 12,8 4,9 1,11 1,14 3,16 3,18 8}
{0 552_0_555_1,3 2,5 1,6 14,7 2,8 10,16 1,17 2,18 11}
{0 553_0_556_1,3 1,5 4,6 7,8 3,14 6,16 2,17 3}
{0 554_0_557_1,3 1,5 6,6 10,8 5,9 1,14 8}
{0 555_0_558_1,5 3,6 8,7 2,8 4,11 2,14 2,16 1}
{0 556_0_559_1,3 4,5 2,6 11,7 2,8 5,9 1,11 1,14 3,18 12}
{0 54_0_55_1,1 1,3 10,5 3,6 2,8 4,9 2,18 8}
{0 557_0_560_1,1 1,4 1,5 3,6 12,8 7,11 1,14 5,16 4,18 8}
{0 558_0_561_1,1 1,3 2,6 6,8 7,14 4,16 1,18 8}
{0 559_0_562_1,1 2,3 1,5 1,6 5,8 3,9 1,16 1,17 2}
{0 560_0_563_1,3 1,6 2,8 1,14 2,18 7}
{0 561_0_564_1,1 1,6 11,8 6,14 5,16 4,18 8}
{0 562_0_565_1,1 1,3 4,6 10,8 8,14 7,16 2,18 9}
{0 563_0_566_1,6 13,8 5,16 3,18 8}
{0 564_0_567_1,3 3,5 3,6 5,8 5,14 8,16 3,18 8}
{0 565_0_568_1,3 2,5 1,6 11,8 4,9 2,14 9,16 5,18 8}
{0 566_0_569_1,3 2,5 1,6 11,8 3,14 2,16 4,17 1,18 8}
{0 55_0_56_1,1 1,5 1,6 12,7 2,8 2,9 1,14 3,16 1}
{0 567_0_570_1,5 1,6 9,7 1,8 4,9 1,11 1,14 2,17 2,18 8}
{0 568_0_571_1,1 4,3 2,5 2,6 10,16 2,18 9}
{0 569_0_572_1,1 1,6 17,7 3,8 7,9 2,11 2,14 1,16 2,17 2,18 11}
{0 570_0_573_1,3 2,5 1,6 19,7 5,8 4,14 7,16 4,17 2}
{0 571_0_574_1,1 2,5 4,6 9,8 1,14 2,18 8}
{0 572_0_575_1,1 2,3 3,5 1,6 6,7 1,8 2,9 1,11 2,14 2}
{0 573_0_576_1,3 2,5 3,6 6,7 1,8 3,14 1,17 1,18 8}
{0 574_0_577_1,6 7,8 4,14 1,16 2,18 6}
{0 575_0_578_1,3 1,6 4,7 1,8 4,14 9,16 1,17 1,18 9}
{0 576_0_579_1,1 1,3 5,6 9,7 1,8 3,9 1,14 1,16 2,18 8}
{0 56_0_57_1,1 3,3 1,5 3,6 7,8 5,14 1,18 9}
{0 577_0_580_1,3 1,5 2,6 11,8 3,9 1,11 1,14 5,16 2,18 8}
{0 578_0_581_1,5 2,6 15,7 1,8 1,11 1,14 3,16 2,18 8}
{0 579_0_582_1,1 2,6 9,7 1,8 3,9 1,14 4,16 1,17 1,18 11}
{0 580_0_583_1,1 1,2 2,3 2,5 5,6 3,7 1,8 7,14 4,16 1,18 9}
{0 581_0_584_1,3 2,5 10,6 11,8 5,9 1,11 3,16 2,17 1,18 9}
{0 582_0_585_1,1 4,3 2,6 18,8 7,9 1,11 1,14 3,16 2,18 11}
{0 583_0_586_1,5 2,6 5,8 2,9 1,14 1,16 2,18 8}
{0 584_0_587_1,1 2,3 2,6 6,8 5,14 4,17 2,18 9}
{0 585_0_588_1,1 4,6 9,8 7,11 1,14 4}
{0 586_0_589_1,6 3,8 2,11 1,14 2,16 2,18 5}
{0 57_0_58_1,3 1,5 2,6 3,8 4,14 3,16 1,18 7}
{0 587_0_590_1,3 1,5 1,6 1,8 5,14 1,18 6}
{0 588_0_591_1,1 1,3 4,6 13,8 4,14 5,16 3,17 1,18 8}
{0 589_0_592_1,6 1,7 1,8 3,11 1,16 1,18 8}
{0 590_0_593_1,6 9,8 6,14 2,16 4}
{0 591_0_594_1,3 4,5 1,8 1,14 1,18 7}
{0 592_0_595_1,1 1,6 5,7 1,8 3,9 2,18 8}
{0 593_0_596_1,3 2,6 2,7 1,8 7,18 6}
{0 594_0_597_1,1 1,6 5,8 5,14 6,17 3,18 8}
{0 595_0_598_1,1 1,3 1,6 4,7 2,8 2,9 1,14 2,16 2,18 8}
{0 596_0_599_1,1 1,3 2,6 7,8 10,14 3,16 2,17 1,18 8}
{0 58_0_59_1,3 4,5 1,6 16,8 1,14 4,16 2,18 8}
{0 4_0_5_1,1 2,3 3,5 2,6 8,7 1,8 14,11 1,14 6,16 2,18 8}
{0 597_0_600_1,5 2,6 5,8 3,14 1,16 2,18 6}
{0 598_0_601_1,3 1,5 1,6 7,8 5,14 4,16 3,17 1,18 8}
{0 599_0_602_1,1 2,7 2,8 2,18 8}
{0 600_0_603_1,1 1,3 3,6 18,7 2,8 6,14 3,16 1,17 1,18 11}
{0 601_0_604_1,1 1,5 2,6 12,8 1,11 1,14 3,16 5,17 1,18 9}
{0 602_0_605_1,1 1,5 3,6 7,7 2,8 2,14 3,16 2,18 6}
{0 603_0_606_1,3 3,5 5,6 9,8 11,9 1,14 7,16 1,18 8}
{0 604_0_607_1,3 4,5 2,6 6,7 1,8 4,14 5,17 1,18 9}
{0 605_0_608_1,6 23,8 4,14 2,16 2,18 7}
{0 606_0_609_1,5 2,6 4,8 4,14 1,18 7}
{0 59_0_60_1,6 3,8 1,16 1,18 4}
{0 607_0_610_1,1 1,5 1,6 8,7 2,9 1,14 2,16 1,17 1,18 7}
{0 608_0_611_1,3 5,5 1,6 10,7 1,8 15,9 1,16 1,18 9}
{0 609_0_612_1,3 1,5 2,6 10,8 2,14 1,16 1}
{0 610_0_613_1,3 3,5 1,6 4,8 7,14 9,16 2,18 8}
{0 611_0_614_1,3 1,5 1,6 3,18 6}
{0 612_0_615_1,1 1,3 5,5 1,6 18,8 2,14 6,16 2,18 9}
{0 613_0_616_1,1 3,3 3,5 1,6 8,8 4,16 4,17 1,18 8}
{0 614_0_617_1,1 4,3 5,4 1,5 1,6 18,8 5,14 3,16 10,17 2,18 9}
{0 615_0_618_1,5 2,6 8,7 1,8 7,9 1,11 2,14 5,18 8}
{0 616_0_619_1,1 2,3 1,5 2,6 7,8 4,11 1,14 3,16 2,18 11}
{0 60_0_61_1,1 2,5 1,6 5,8 7,11 1,14 1,16 2,18 8}
{0 617_0_620_1,1 1,5 1,6 4,8 3,14 5,16 1,17 1,18 7}
{0 618_0_621_1,5 2,6 3,8 1,14 2,16 1,17 2,18 8}
{0 619_0_622_1,3 2,6 6,7 1,8 7,14 2,16 3,18 8}
{0 620_0_623_1,6 3,8 3,14 5,18 6}
{0 621_0_624_1,1 1,4 1,5 3,6 3,8 3,14 9,16 1,17 1,18 8}
{0 622_0_625_1,5 2,6 12,7 2,8 8,11 3,16 5,18 11}
{0 623_0_626_1,3 3,5 3,6 1,8 1,14 2,18 7}
{0 624_0_627_1,3 5,6 9,8 7,14 1,16 6,17 2,18 8}
{0 625_0_628_1,1 2,3 2,4 1,5 2,6 5,8 2,14 2,17 1,18 11}
{0 626_0_629_1,1 1,3 3,6 11,7 4,8 2,14 4,16 2,18 11}
{0 61_0_62_1,3 3,6 2,7 1,8 1,11 1,14 1,18 8}
{0 627_0_630_1,1 2,3 3,5 2,6 2,8 4,11 1,14 6,16 1,17 1,18 8}
{0 628_0_631_1,3 2,6 7,8 2,14 1,16 2,18 6}
{0 629_0_632_1,1 1,3 5,5 2,6 15,8 1,11 1,14 3,16 2,17 1}
{0 630_0_633_1,3 3,6 8,7 1,14 1,18 8}
{0 631_0_634_1,3 1,5 2,6 2,8 4,14 2,16 1,18 5}
{0 632_0_635_1,1 1,3 3,4 1,5 1,6 14,7 1,8 2,14 5,16 3}
{0 633_0_636_1,1 3,3 1,6 13,7 1,8 1,14 2,16 2,18 9}
{0 634_0_637_1,3 3,6 9,7 1,8 2,9 3,14 7,16 1,18 8}
{0 635_0_638_1,3 1,5 2,6 4,7 1,8 2,14 4,16 1,17 1,18 8}
{0 636_0_639_1,3 2,6 6,8 8,18 6}
{0 62_0_63_1,3 4,6 8,8 1,14 2,16 2,17 2,18 8}
{0 637_0_640_1,1 1,3 2,5 3,6 7,8 1,11 1,14 9,16 3,17 4,18 7}
{0 638_0_641_1,1 1,3 1,5 1,6 5,18 7}
{0 639_0_642_1,3 2,5 1,6 13,7 2,8 11,9 2,11 1,14 2,16 2,18 8}
{0 640_0_643_1,3 1,5 1,6 14,7 3,8 6,14 4,16 3}
{0 641_0_644_1,1 2,3 1,5 2,6 5,8 4,9 1,11 1,16 1,18 8}
{0 642_0_645_1,3 5,5 4,6 1,8 4,14 3,17 3,18 8}
{0 643_0_646_1,1 1,3 2,5 2,6 16,7 4,9 3,11 1,16 2,18 9}
{0 644_0_647_1,1 1,6 2,8 5,14 1,16 1,17 1,18 11}
{0 645_0_648_1,5 1,6 3,8 1,14 7,16 1,18 6}
{0 646_0_649_1,3 2,5 2,6 5,8 2,11 1,14 4,18 8}
{0 63_0_64_1,3 5,6 3,8 4,9 1,16 1,18 7}
{0 647_0_650_1,1 2,3 1,6 3,7 3,8 4,11 1}
{0 648_0_651_1,3 1,5 1,6 9,8 2,14 4,18 8}
{0 649_0_652_1,6 4,8 2,9 1,14 4,16 1,18 9}
{0 650_0_653_1,1 1,3 3,5 3,6 7,8 6,11 1,14 4,16 1,18 8}
{0 651_0_654_1,1 1,3 1,5 2,6 4,7 1,8 3,9 1,14 3,17 2}
{0 652_0_655_1,3 2,6 6,7 1,8 9,9 1,11 1,14 2,18 7}
{0 653_0_656_1,5 4,6 15,8 10,14 7,16 1,18 9}
{0 654_0_657_1,5 3,6 6,8 2,14 1,16 1,17 1,18 9}
{0 655_0_658_1,1 3,3 2,5 1,6 9,7 1,8 2,14 3,17 1,18 8}
{0 656_0_659_1,1 2,5 2,6 7,8 1,14 5,17 1}
{0 64_0_65_1,1 1,3 2,5 1,6 4,8 4,11 1,14 8,17 1,18 9}
{0 657_0_660_1,1 1,3 1,6 9,8 6,11 1,14 3,17 2,18 11}
{0 658_0_661_1,5 2,6 9,8 4,16 3,18 8}
{0 659_0_662_1,5 1,8 4,9 1,14 1,17 1,18 6}
{0 660_0_663_1,3 1,5 1,6 2,8 1,14 2,16 1,17 1,18 8}
{0 661_0_664_1,1 5,3 1,4 1,5 3,6 3,7 1,8 4,11 1,14 9,16 1,18 9}
{0 662_0_665_1,3 3,5 1,6 3,8 2,18 7}
{0 663_0_666_1,3 3,5 2,6 8,8 4,14 7,16 1,18 8}
{0 664_0_667_1,3 1,5 2,6 4,8 3,9 1,14 6,17 1,18 9}
{0 665_0_668_1,6 6,7 5,8 8,14 4,16 2}
{0 666_0_669_1,1 2,3 4,5 1,6 9,7 1,8 5,16 1,17 1,18 8}
{0 65_0_66_1,3 1,6 8,8 6,11 1,14 7,18 9}
{0 667_0_670_1,1 2,3 7,5 2,6 10,8 5,11 1,14 5,16 2,18 8}
{0 668_0_671_1,1 3,6 7,8 1,11 1,16 2,18 8}
{0 669_0_672_1,1 2,3 5,6 10,7 1,8 3,14 3,16 2,18 9}
{0 670_0_673_1,3 2,6 7,8 4,9 3,16 1,18 6}
{0 671_0_674_1,3 4,8 1,14 4,18 8}
{0 672_0_675_1,3 1,4 1,6 11,8 6,14 9,16 3,18 8}
{0 673_0_676_1,1 1,3 2,6 5,8 4,14 6,18 8}
{0 674_0_677_1,1 2,3 1,5 2,6 18,7 1,8 2,9 2,11 1,14 4,16 4,18 8}
{0 675_0_678_1,3 2,6 12,8 9,11 1,14 5,16 4,17 1,18 8}
{0 676_0_679_1,1 1,3 1,6 9,7 2,8 3,14 4,16 2,17 1,18 8}
{0 66_0_67_1,3 1,5 1,6 2,7 1,8 4,9 1,14 4,18 8}
{0 677_0_680_1,3 3,5 4,6 11,8 15,9 2,14 14,16 1,17 2,18 9}
{0 678_0_681_1,3 6,5 2,6 3,8 3,14 18,18 8}
{0 679_0_682_1,1 1,3 6,5 1,6 9,7 1,8 8,14 2,16 2,18 11}
{0 680_0_683_1,1 1,3 1,4 1,5 3,6 11,8 6,9 1,14 5,16 3,17 1}
{0 681_0_684_1,3 3,4 1,6 17,7 3,8 1,11 2,16 5,17 1,18 8}
{0 682_0_685_1,1 4,6 10,7 1,8 2,9 1,14 4,18 8}
{0 683_0_686_1,3 4,6 20,7 1,8 9,11 4,14 2,16 1,17 1,18 9}
{0 684_0_687_1,5 4,6 4,8 1,9 2,14 16,17 1,18 8}
{0 685_0_688_1,1 1,3 2,5 1,6 10,8 2,14 1,18 9}
{0 686_0_689_1,3 2,5 1,6 8,7 3,8 7,9 1,14 2,16 1,18 8}
{0 67_0_68_1,1 1,3 1,4 2,5 1,6 9,7 2,8 7,14 4,16 1,18 9}
{0 687_0_690_1,1 3,3 2,5 2,6 9,7 1,8 5,9 1,11 1,14 4,16 3,18 9}
{0 688_0_691_1,5 2,6 6,14 7,18 6}
{0 689_0_692_1,3 1,6 5,7 1,8 4,9 1,14 4,16 1,18 6}
{0 690_0_693_1,3 1,5 2,6 11,8 3,14 6,16 1,17 1,18 8}
{0 691_0_694_1,1 3,3 3,5 4,6 7,7 3,8 4,9 1,14 5,16 1,18 8}
{0 692_0_695_1,3 2,6 13,8 1,14 1,16 2,18 9}
{0 693_0_696_1,5 4,6 4,8 5,14 3,16 1,18 8}
{0 694_0_697_1,1 2,3 2,6 8,8 3,11 1,14 3,16 2,18 8}
{0 695_0_698_1,1 2,3 2,5 1,6 4,8 6,14 11,16 1,18 6}
{0 696_0_699_1,1 1,2 1,3 2,5 1,6 23,7 4,8 15,11 1,14 12,16 1,17 1,18 12}
{0 68_0_69_1,3 1,5 4,6 5,7 1,8 5,9 1,14 3,16 1,18 7}
{0 5_0_6_1,6 11,8 1,14 1,16 3,18 8}
{0 697_0_700_1,3 1,5 2,6 5,7 1,8 1,14 7,17 2,18 8}
{0 698_0_701_1,3 2,5 1,6 6,8 5,14 10,16 2,17 1,18 8}
{0 699_0_702_1,3 5,6 5,7 1,8 3,9 2,14 3,18 6}
{0 700_0_703_1,6 12,7 1,8 3,9 1,11 2,14 1,16 4,18 8}
{0 701_0_704_1,3 1,5 3,6 5,8 1,9 1,11 1,18 7}
{0 702_0_705_1,3 3,5 5,6 9,7 2,8 10,14 4,16 5,17 3,18 8}
{0 703_0_706_1,1 2,6 3,11 2,14 4,17 2}
{0 704_0_707_1,3 1,6 8,8 3,11 2,16 4,18 8}
{0 705_0_708_1,1 2,3 1,5 1,6 12,7 3,8 3,9 1,14 3,16 1,18 9}
{0 706_0_709_1,3 3,6 8,8 4,16 4,17 1}
{0 69_0_70_1,1 2,6 9,7 2,8 4,14 2,16 1,18 12}
{0 707_0_710_1,5 1,6 7,8 7,14 2,18 11}
{0 708_0_711_1,1 2,3 2,5 2,6 11,7 2,8 11,11 1,14 3,16 3}
{0 709_0_712_1,3 2,6 19,8 7,11 1,14 3,16 3,18 9}
{0 710_0_713_1,1 1,5 1,6 4,8 6,9 1}
{0 711_0_714_1,1 1,3 2,6 5,8 2,14 2,18 9}
{0 712_0_715_1,5 2,6 2,8 2,9 1,14 2,18 8}
{0 713_0_716_1,5 6,6 13,7 3,8 3,14 4,16 1,18 9}
{0 714_0_717_1,3 1,5 1,6 7,8 10,14 4,16 2,18 8}
{0 715_0_718_1,3 2,5 2,6 5,8 8,14 5}
{0 716_0_719_1,1 1,3 4,5 2,6 2,8 1,14 7,16 1,18 7}
{0 70_0_71_1,1 1,6 7,8 6,11 1,14 3,16 1,17 1}
{0 717_0_720_1,1 1,3 6,5 2,6 8,7 2,8 21,9 2,14 6,16 2,17 1}
{0 718_0_721_1,3 1,5 1,6 10,8 3,14 2,16 1,18 9}
{0 719_0_722_1,1 1,3 2,5 2,6 12,7 4,8 4,9 1,11 2,14 10,16 1,17 1}
{0 720_0_723_1,1 3,3 5,5 1,6 10,8 5,9 1,14 1,16 2}
{0 721_0_724_1,3 1,6 3,8 3,11 1,14 2,16 1,18 8}
{0 722_0_725_1,6 2,8 1,14 5,16 1,17 2,18 6}
{0 723_0_726_1,4 1,5 1,6 2,7 2,8 5,11 1,14 2}
{0 724_0_727_1,3 1,6 1,8 1,11 1,14 4,16 1,18 6}
{0 725_0_728_1,5 3,6 11,8 10,14 6,16 5,18 8}
{0 726_0_729_1,3 2,4 2,5 1,6 7,8 1,16 1,18 7}
{0 71_0_72_1,1 3,3 5,5 2,6 18,7 1,8 7,14 1,16 4}
{0 727_0_730_1,1 1,5 1,6 5,8 4,14 6,16 2}
{0 728_0_731_1,3 2,5 1,6 10,8 9,14 6,16 4,18 8}
{0 729_0_732_1,3 4,6 4,8 3,11 1,14 4,18 9}
{0 730_0_733_1,1 3,3 2,5 1,6 3,8 2,16 2,18 8}
{0 731_0_734_1,1 2,3 10,5 3,6 15,7 1,8 3,9 2,14 7,16 4}
{0 732_0_735_1,1 1,3 1,5 2,6 13,7 1,8 7,9 2,11 1,14 3,18 9}
{0 733_0_736_1,5 4,6 17,7 1,8 5,9 1,11 2,14 4,16 2,17 1}
{0 734_0_737_1,1 1,3 1,5 1,6 6,8 3,11 1,14 7,18 8}
{0 735_0_738_1,1 1,5 1,6 7,8 2,14 7,18 6}
{0 736_0_739_1,3 5,4 1,6 19,7 2,8 4,14 1,16 3,18 9}
{0 72_0_73_1,1 3,3 3,5 1,6 7,7 2,8 4,14 4,16 2,18 8}
{0 737_0_740_1,1 1,3 11,5 3,6 18,8 7,11 1,14 5,16 3,18 8}
{0 738_0_741_1,3 1,6 4,8 3,14 3,17 2,18 8}
{0 739_0_742_1,5 2,6 7,7 2,8 1,9 2,11 1,16 1,17 1}
{0 740_0_743_1,1 1,3 1,5 4,6 8,7 1,8 3,9 1,14 3,16 2}
{0 741_0_744_1,3 1,5 1,6 4,7 1,8 2,9 1,14 1,16 2,17 1,18 9}
{0 742_0_745_1,1 1,3 4,5 2,6 19,7 2,8 7,14 5,16 4,18 9}
{0 743_0_746_1,3 2,5 1,6 12,7 1,8 7,9 1,11 1,14 5,16 1,17 2,18 8}
{0 744_0_747_1,4 1,5 1,6 1,8 4,14 1,18 8}
{0 745_0_748_1,1 1,3 1,5 1,6 6,8 3,9 1,11 2,14 7,16 2,17 1,18 8}
{0 746_0_749_1,3 1,5 3,6 11,7 2,8 6,9 1,14 11,16 1}
{0 73_0_74_1,3 1,5 2,6 7,8 3,14 1,16 2,17 1,18 7}
{0 747_0_750_1,1 1,3 2,5 2,6 10,8 5,14 7,16 2,18 8}
{0 748_0_751_1,3 4,6 6,8 5,11 1,16 1,18 8}
{0 749_0_752_1,3 2,5 1,6 3,8 1,11 1,14 1,16 2,18 7}
{0 750_0_753_1,3 5,5 1,6 3,8 8,14 3,18 8}
{0 751_0_754_1,5 1,6 5,7 1,8 8,9 1,14 4,16 1,18 9}
{0 752_0_755_1,1 2,3 1,5 3,6 10,7 1,8 4,11 1,14 2,16 1,18 9}
{0 753_0_756_1,1 1,3 1,5 1,6 14,8 2,9 3,14 3,16 6,18 8}
{0 754_0_757_1,1 1,6 4,8 2,11 1,14 2,18 9}
{0 755_0_758_1,1 1,3 8,6 21,8 1,11 1,14 3,16 3,18 8}
{0 756_0_759_1,1 1,3 3,6 10,8 3,14 3,16 1}
{0 74_0_75_1,1 2,3 2,5 1,6 6,8 9,14 1,16 1,18 8}
{0 757_0_760_1,1 1,3 1,6 4,7 1,8 5,9 1,11 2,14 5,16 1,18 9}
{0 758_0_761_1,1 1,3 2,5 1,6 7,8 1,11 1,18 8}
{0 759_0_762_1,1 7,6 19,7 2,8 6,11 1,14 5,16 1,17 1}
{0 760_0_763_1,1 1,6 6,8 1,14 3,16 2,18 8}
{0 761_0_764_1,1 1,3 6,5 4,6 9,7 1,8 2,14 6,16 3,18 9}
{0 762_0_765_1,6 3,8 1,14 5,18 7}
{0 763_0_766_1,3 2,5 1,6 7,8 3,11 2,14 3,18 8}
{0 764_0_767_1,3 9,5 2,6 14,8 4,14 2,16 1,18 8}
{0 765_0_768_1,1 2,3 6,5 2,6 8,8 26,11 2,14 2,16 5,17 1,18 8}
{0 766_0_769_1,1 3,5 1,6 12,7 2,8 7,14 5,16 2,17 1}
{0 75_0_76_1,3 1,5 1,6 2,7 2,8 4,18 8}
{0 767_0_770_1,3 1,4 1,5 1,6 10,8 3,14 10,17 2,18 8}
{0 768_0_771_1,1 1,3 2,5 4,6 6,8 8,14 7,16 1,17 2,18 9}
{0 769_0_772_1,1 1,3 3,5 3,6 9,7 3,8 3,9 1,11 2,14 7,16 1,17 1}
{0 770_0_773_1,5 1,6 12,8 4,14 10,18 8}
{0 771_0_774_1,1 1,3 3,4 1,5 2,6 11,7 3,8 4,14 1,16 4,18 8}
{0 772_0_775_1,3 1,5 1,6 4,7 1,8 3,14 1,16 1,18 7}
{0 773_0_776_1,3 2,6 1,8 2,14 5,16 1,18 7}
{0 774_0_777_1,1 1,5 2,6 5,7 3,8 4,9 2,14 3,16 1,17 2}
{0 775_0_778_1,1 1,3 1,5 2,6 21,8 2,9 1,11 5,16 3,18 9}
{0 776_0_779_1,3 1,6 5,7 1,8 8,11 1,14 2,18 8}
{0 76_0_77_1,5 3,6 12,8 4,14 9,16 4,17 1}
{0 777_0_780_1,3 1,5 1,6 18,7 1,8 12,14 2,16 7,17 1,18 9}
{0 778_0_781_1,1 1,3 7,5 1,6 26,7 1,8 11,9 2,16 4,17 1}
{0 779_0_782_1,1 1,3 1,4 1,6 7,7 4,8 4,9 2,11 1,14 2,16 1,17 1,18 11}
{0 780_0_783_1,3 7,6 8,7 1,8 4,9 1,14 2,16 1,17 1,18 7}
{0 781_0_784_1,1 3,3 1,5 1,6 4,7 1,8 1,14 3}
{0 782_0_785_1,3 12,5 1,6 5,8 8,14 13,16 1,18 8}
{0 783_0_786_1,5 1,6 1,7 1,8 1,9 1,14 3,17 1,18 8}
{0 784_0_787_1,3 3,6 3,7 1,8 1,18 8}
{0 785_0_788_1,1 3,3 1,5 2,6 7,7 4,8 8,9 4,14 8,16 2,18 8}
{0 786_0_789_1,1 1,3 2,6 6,8 6,14 4,16 1,18 7}
{0 77_0_78_1,1 1,3 1,6 6,8 3,9 1}
{0 787_0_790_1,3 1,5 2,6 5,7 1,8 6,9 4,14 3,16 2,18 9}
{0 788_0_791_1,3 5,5 1,6 8,7 2,8 3,9 2,14 1,16 1,18 8}
{0 789_0_792_1,5 1,6 6,8 3,16 1,18 8}
{0 790_0_793_1,1 5,5 2,6 15,7 1,8 2,16 2,18 11}
{0 791_0_794_1,3 1,6 17,8 9,14 8,16 4,18 8}
{0 792_0_795_1,1 2,3 1,5 1,7 1,8 4,14 4,18 8}
{0 793_0_796_1,1 1,4 1,5 3,6 3,7 1,8 6,11 1,14 8,16 2,18 8}
{0 794_0_797_1,3 1,5 3,6 4,8 11,14 9}
{0 795_0_798_1,1 5,3 7,5 4,6 10,7 1,8 6,9 2,14 8,16 3,17 3,18 9}
{0 796_0_799_1,6 5,16 1,18 8}
{0 78_0_79_1,1 4,3 2,5 3,6 17,7 2,8 1,9 2,11 1,14 2,16 2}
{0 6_0_7_1,5 1,6 14,8 3,9 1,11 1,14 8,16 3,17 1}
{0 797_0_800_1,1 2,5 2,6 13,7 1,8 6,11 1,14 3,17 1}
{0 798_0_801_1,6 7,8 6,14 7,16 1,18 9}
{0 799_0_802_1,3 1,5 3,6 6,8 1,14 2,18 8}
{0 800_0_803_1,5 2,6 5,7 1,8 2,9 4,14 2,16 1,18 6}
{0 801_0_804_1,1 2,3 1,6 3,8 3,9 1,18 8}
{0 802_0_805_1,1 1,3 7,6 7,7 1,8 8,14 1,16 1,18 9}
{0 803_0_806_1,6 2,8 3,14 3,16 1,18 6}
{0 804_0_807_1,6 14,8 8,14 5,16 1,17 1,18 11}
{0 805_0_808_1,3 1,6 11,8 1,9 1,14 2,16 1,18 7}
{0 806_0_809_1,1 3,3 7,5 1,6 4,7 1,8 4,11 1,14 2,18 9}
{0 79_0_80_1,1 2,3 2,6 9,7 1,8 2,14 1,16 2,17 1,18 8}
{0 807_0_810_1,1 2,5 3,6 4,7 3,8 3,9 1,14 10,18 8}
{0 808_0_811_1,1 2,6 6,8 2,14 1,18 8}
{0 809_0_812_1,1 1,5 1,6 1,14 5,17 3,18 8}
{0 810_0_813_1,3 2,5 4,6 3,7 1,8 3,14 2,17 1,18 8}
{0 811_0_814_1,3 3,5 1,6 9,8 8,14 3,16 5,18 8}
{0 812_0_815_1,1 2,6 4,7 2,8 4,14 6}
{0 813_0_816_1,1 1,3 6,6 8,7 1,8 5,14 7,16 3,17 2,18 9}
{0 814_0_817_1,3 1,5 3,6 14,7 1,8 3,14 4,17 2,18 12}
{0 815_0_818_1,1 4,6 2,8 3,14 9,18 8}
{0 816_0_819_1,3 5,4 1,5 1,6 8,8 1,18 8}
{0 80_0_81_1,1 1,3 2,5 8,6 5,8 3,14 3,16 1,17 5,18 8}
{0 817_0_820_1,6 1,8 3,11 1,14 1,18 5}
{0 818_0_821_1,3 2,5 1,6 7,7 1,8 11,9 2,11 1,14 5,16 2,17 1,18 9}
{0 819_0_822_1,5 2,6 5,7 2,8 7,14 4,16 1,18 8}
{0 820_0_823_1,3 2,6 3,8 2,14 2,18 8}
{0 821_0_824_1,1 3,3 4,5 4,6 4,8 4,9 1,11 2,14 5,17 1,18 9}
{0 822_0_825_1,5 1,6 1,16 1,18 6}
{0 823_0_826_1,3 2,6 12,8 4,14 1,16 2}
{0 824_0_827_1,1 1,6 1,14 2,18 6}
{0 825_0_828_1,1 1,5 2,6 11,7 2,8 8,9 1,14 2,18 9}
{0 826_0_829_1,3 3,5 1,6 6,7 4,8 1,14 9,17 1,18 8}
{0 81_0_82_1,3 5,6 11,7 1,8 2,9 1,16 2,18 8}
{0 827_0_830_1,1 1,3 3,5 1,6 3,8 4,14 4,17 2}
{0 828_0_831_1,1 1,5 1,6 4,7 1,8 3,9 2,11 2,14 2,16 1,17 1,18 8}
{0 829_0_832_1,3 1,8 1,14 1,18 2}
{0 830_0_833_1,1 1,3 4,5 1,6 2,8 6,14 7,18 9}
{0 831_0_834_1,1 2,6 8,7 1,8 3,9 3,11 1,14 4}
{0 832_0_835_1,3 5,6 12,7 2,8 6,9 1,14 3,16 1}
{0 833_0_836_1,1 1,3 3,6 10,7 2,8 4,9 2,14 8,16 3,17 1,18 8}
{0 834_0_837_1,6 4,7 1,8 9,9 2,11 1,14 2,17 1,18 8}
{0 835_0_838_1,3 1,6 2,8 1,14 1,18 5}
{0 836_0_839_1,1 1,3 3,6 6,7 2,8 7,9 1,11 1,14 8,16 4}
{0 82_0_83_1,5 1,6 2,7 1,8 3,9 1,14 2,18 7}
{0 837_0_840_1,3 4,5 3,6 5,8 3,11 2,14 4,16 2,17 2,18 8}
{0 838_0_841_1,5 2,6 1,14 1,18 7}
{0 839_0_842_1,1 1,4 1,5 2,6 9,8 7,11 1,14 6,16 1,18 8}
{0 840_0_843_1,1 2,3 7,5 2,6 6,7 1,8 5,11 1,14 3,16 1,17 1,18 8}
{0 841_0_844_1,3 1,6 10,8 2,16 3,18 8}
{0 842_0_845_1,1 1,5 1,6 2,7 6,8 9,9 3,14 4}
{0 843_0_846_1,1 3,3 3,5 1,6 8,8 9,11 2,16 5,18 8}
{0 844_0_847_1,5 6,6 14,7 3,8 1,9 1,14 3,17 1,18 12}
{0 845_0_848_1,1 2,3 1,5 1,6 7,8 2,16 2,18 6}
{0 846_0_849_1,1 1,3 4,5 3,6 2,8 2,11 1,14 3,16 1,18 7}
{0 83_0_84_1,3 2,6 1,8 2,14 8,18 6}
{0 847_0_850_1,6 9,7 2,8 4,11 2,14 3,16 2}
{0 848_0_851_1,1 1,3 3,6 9,8 4,14 5,16 3,18 9}
{0 849_0_852_1,1 3,4 1,5 2,6 11,7 1,8 5,14 4,16 8,17 2}
{0 850_0_853_1,3 2,5 1,6 10,7 1,8 10,11 1,14 2,16 1,17 1,18 9}
{0 851_0_854_1,1 2,3 4,5 1,6 9,8 10,14 6,18 8}
{0 852_0_855_1,3 2,4 1,6 9,7 2,14 2,16 1,18 8}
{0 853_0_856_1,1 2,3 2,5 4,6 5,7 1,8 8,14 10,16 1}
{0 854_0_857_1,3 1,6 4,8 3,14 1,17 2,18 8}
{0 855_0_858_1,5 2,6 11,7 1,8 6,9 2,14 2,16 5,18 9}
{0 856_0_859_1,3 1,5 1,6 9,7 3,8 2,9 1,11 2,14 5,18 12}
{0 84_0_85_1,3 4,5 5,6 23,8 6,14 2,16 5}
{0 857_0_860_1,1 1,3 1,6 1,8 6,9 1,14 4,18 8}
{0 858_0_861_1,1 2,4 1,6 10,7 4,8 4,9 1,14 2,16 1,18 8}
{0 859_0_862_1,3 4,5 1,6 9,7 1,8 1,9 1,11 1,14 14,16 4,18 8}
{0 860_0_863_1,1 3,3 2,5 3,6 22,7 2,8 7,11 2,14 5,16 2}
{0 861_0_864_1,3 2,6 11,7 2,8 8,11 1,16 5}
{0 862_0_865_1,3 5,5 3,6 7,7 1,8 4,14 3,16 1,17 1,18 8}
{0 863_0_866_1,3 3,5 3,6 5,16 2,18 7}
{0 864_0_867_1,3 3,5 8,6 13,7 3,8 3,9 7,14 7,16 2,17 1,18 8}
{0 865_0_868_1,3 2,5 2,6 9,8 11,11 1,14 1,16 2,17 1,18 12}
{0 866_0_869_1,3 1,8 2,18 6}
{0 85_0_86_1,5 1,6 4,7 2,8 5,9 1,14 1,18 8}
{0 867_0_870_1,1 2,3 3,5 2,6 8,7 1,8 3,14 2,16 1,18 9}
{0 868_0_871_1,1 2,3 2,6 8,7 1,8 2,11 1,16 3,17 1}
{0 869_0_872_1,1 1,6 6,8 1,11 1,14 1,18 8}
{0 870_0_873_1,1 3,3 1,5 4,6 10,7 1,8 4,9 1,14 4,16 6,18 9}
{0 871_0_874_1,5 2,6 8,7 2,8 12,9 2,14 2,16 2,17 1,18 12}
{0 872_0_875_1,1 2,3 1,6 22,7 2,8 3,11 2,14 2,16 3,18 11}
{0 873_0_876_1,1 1,3 2,6 2,8 3,9 2,14 5,17 2,18 8}
{0 874_0_877_1,3 3,5 3,6 17,8 9,11 1,14 2,16 3,18 11}
{0 875_0_878_1,5 1,6 9,8 3,14 4,16 3,18 9}
{0 876_0_879_1,3 6,5 1,6 12,8 6,11 2,14 2,16 8,18 8}
{0 86_0_87_1,3 2,5 2,6 4,7 4,8 10,9 4,11 1,14 5,16 2}
{0 877_0_880_1,1 2,6 14,8 4,14 1,16 4,17 1}
{0 878_0_881_1,1 1,3 4,6 2,7 1,8 1,16 2,17 2,18 8}
{0 879_0_882_1,3 1,5 1,6 5,8 8,14 2,17 1,18 9}
{0 880_0_883_1,1 1,4 1,5 2,6 9,7 2,8 6,9 2,14 2,18 9}
{0 881_0_884_1,3 3,5 4,6 10,8 4,14 2,16 2,17 1,18 8}
{0 882_0_885_1,1 1,3 9,5 2,6 24,8 7,16 10,18 7}
{0 883_0_886_1,1 5,3 1,5 1,6 13,7 1,8 2,14 1,18 11}
{0 884_0_887_1,1 2,3 1,6 7,8 10,14 4,18 9}
{0 885_0_888_1,1 4,3 3,5 4,6 9,7 1,8 4,16 1,17 2}
{0 886_0_889_1,3 2,5 3,6 10,8 6,9 1,14 7,16 4,18 8}
{0 87_0_88_1,1 4,3 3,5 3,6 6,7 1,8 13,9 1,14 1,18 9}
{0 887_0_890_1,1 2,5 2,6 11,7 1,8 3,14 2,16 3,18 8}
{0 888_0_891_1,1 2,3 1,5 2,6 3,8 6,14 3,18 9}
{0 889_0_892_1,1 6,3 2,5 1,6 3,7 2,8 9,9 1,14 6}
{0 890_0_893_1,6 1,18 4}
{0 891_0_894_1,1 2,6 4,8 6,14 2,16 1,17 1}
{0 892_0_895_1,1 1,3 2,5 1,6 15,7 2,8 6,14 3,16 3,17 1}
{0 893_0_896_1,3 1,5 2,6 8,8 1,9 1,14 1,16 2,18 8}
{0 894_0_897_1,1 1,6 11,8 5,14 5,16 7,17 1,18 9}
{0 895_0_898_1,3 2,5 3,6 7,8 2,14 6,18 8}
{0 896_0_899_1,1 1,5 3,6 8,7 2,8 2,9 1,16 3,18 8}
{0 88_0_89_1,5 1,6 5,8 1,14 4,18 6}
{0 7_0_8_1,1 4,5 1,6 12,7 2,8 9,9 1,11 1,14 5,16 5,17 1}
{0 897_0_900_1,1 2,3 1,5 2,6 6,7 1,8 2,14 2,17 1}
{0 898_0_901_1,1 1,3 3,6 16,11 1,16 5,18 8}
{0 899_0_902_1,3 1,5 7,6 11,8 8,14 7,16 2,17 2}
{0 900_0_903_1,3 5,5 4,6 16,9 1,14 1,16 2,18 8}
{0 901_0_904_1,1 1,3 5,5 2,6 12,7 3,8 3,9 2,11 1,14 3,16 3,18 8}
{0 902_0_905_1,3 2,5 2,6 1,8 1,18 6}
{0 903_0_906_1,1 5,5 1,6 5,8 3,14 5,16 2,18 11}
{0 904_0_907_1,3 1,5 2,6 6,7 1,8 4,14 3,18 9}
{0 905_0_908_1,5 1,6 14,7 2,8 4,11 1,14 2,16 1}
{0 906_0_909_1,6 7,7 1,8 5,9 2,16 1}
{0 89_0_90_1,1 2,3 4,5 1,6 5,8 1,11 1,16 3,18 7}
{0 907_0_910_1,1 1,3 2,5 1,6 4,8 1,9 1,14 8,18 8}
{0 908_0_911_1,1 1,3 1,5 1,6 9,8 2,14 1,16 2,18 8}
{0 909_0_912_1,1 2,6 19,8 11,14 6,16 5}
{0 910_0_913_1,3 1,4 1,5 2,6 10,7 1,8 3,9 2,11 2,14 10,16 2,17 1}
{0 911_0_914_1,3 7,6 4,8 4,14 2,18 9}
{0 912_0_915_1,1 1,3 3,4 1,5 3,6 13,7 3,8 9,11 3,14 14,17 1}
{0 913_0_916_1,1 3,3 8,6 15,7 3,8 3,9 1,11 1,14 3,16 1,18 11}
{0 914_0_917_1,3 6,6 3,16 1,18 6}
{0 915_0_918_1,1 1,5 2,6 16,8 7,11 1,14 6,16 6}
{0 916_0_919_1,1 3,3 1,5 4,6 19,8 3,14 3,16 2,17 1,18 11}
{0 90_0_91_1,5 2,6 3,8 4,14 1,16 1,18 8}
{0 917_0_920_1,1 1,3 3,6 11,7 1,8 11,9 1,14 3,17 3,18 8}
{0 918_0_921_1,5 1,6 5,8 2,14 2,16 3,17 1,18 8}
{0 919_0_922_1,3 3,4 1,5 2,6 9,7 2,8 4,11 1,14 5,16 2,17 1,18 8}
{0 920_0_923_1,6 2,8 2,11 1,16 1,18 6}
{0 921_0_924_1,1 1,3 5,4 1,5 6,6 11,8 6,11 1,14 4,17 1,18 8}
{0 922_0_925_1,1 2,3 1,4 1,5 2,6 2,8 2,14 1,17 1,18 7}
{0 923_0_926_1,3 1,5 2,6 3,8 7,11 1,14 1,16 1,18 7}
{0 924_0_927_1,3 3,6 7,8 12,9 1,11 2,18 7}
{0 925_0_928_1,1 2,3 2,5 1,6 10,8 2,14 1,16 3}
{0 926_0_929_1,1 7,3 1,5 2,6 9,8 3,14 2}
{0 91_0_92_1,1 1,3 3,5 1,6 12,8 2,14 10,16 5,17 1,18 11}
{0 927_0_930_1,1 1,3 2,5 1,6 1,7 1,8 3,14 2,16 1,18 8}
{0 928_0_931_1,1 1,3 1,4 1,6 2,8 3,9 1,16 1,17 1,18 8}
{0 929_0_932_1,1 1,5 4,6 10,8 3,11 3,16 2,18 12}
{0 930_0_933_1,3 3,5 1,6 6,8 2,14 1,16 3,18 8}
{0 931_0_934_1,1 2,6 2,8 1,9 1,11 1,14 1,18 8}
{0 932_0_935_1,1 2,3 1,5 4,6 12,8 12,9 1,11 1,14 7,16 2,17 1,18 9}
{0 933_0_936_1,3 2,5 1,6 3,7 2,8 4,11 1,14 4,18 7}
{0 934_0_937_1,1 1,3 1,5 1,6 13,7 1,8 3,11 1,16 1,17 1,18 11}
{0 935_0_938_1,1 2,3 2,5 3,6 9,8 4,9 1,14 4,16 4,17 2,18 11}
{0 936_0_939_1,1 1,3 3,5 1,6 2,8 1,14 5,18 6}
{0 92_0_93_1,1 1,5 2,6 12,7 1,8 3,11 2,14 2,16 2,18 11}
{0 937_0_940_1,3 11,6 4,7 1,8 3,11 1,14 3,17 3,18 8}
{0 938_0_941_1,1 2,6 7,7 4,8 3,11 1,14 3,16 3,18 12}
{0 939_0_942_1,1 3,3 4,6 10,7 2,8 2,14 5,16 2,18 9}
{0 940_0_943_1,1 3,6 4,8 2,11 1,14 8,16 1,17 1,18 9}
{0 941_0_944_1,3 4,5 4,6 2,8 7,14 4,17 1,18 8}
{0 942_0_945_1,1 1,6 9,8 1,14 7,18 8}
{0 943_0_946_1,3 2,6 6,7 1,8 4,11 2,14 4,18 8}
{0 944_0_947_1,6 15,8 3,14 9,16 4}
{0 945_0_948_1,3 3,6 11,8 3,11 1,14 6,16 2,18 9}
{0 946_0_949_1,3 2,6 8,7 1,8 2,14 6,16 3,18 8}
{0 93_0_94_1,1 2,5 1,6 1,8 3,14 10,17 1,18 8}
{0 947_0_950_1,1 1,6 6,8 10,14 7,16 1,17 1}
{0 948_0_951_1,3 1,6 16,8 11,16 3,18 7}
{0 949_0_952_1,3 2,5 3,6 11,7 1,8 3,9 1,11 1,14 5,16 2,18 8}
{0 950_0_953_1,3 1,6 5,8 8,14 1,18 12}
{0 951_0_954_1,3 3,6 16,7 2,8 5,11 2,14 1,16 3,17 1}
{0 952_0_955_1,1 1,4 1,6 6,8 3,9 1,14 2,16 3,18 8}
{0 953_0_956_1,3 1,6 11,7 1,8 5,16 3,17 2,18 9}
{0 954_0_957_1,1 2,3 2,6 9,8 1,9 1,14 4,16 1,18 9}
{0 955_0_958_1,3 3,6 9,8 9,16 3,18 8}
{0 956_0_959_1,1 3,3 1,6 4,7 1,8 5,11 1,14 4,17 1,18 9}
{0 94_0_95_1,3 2,5 1,6 12,7 2,8 4,9 1,14 5,16 2}
{0 957_0_960_1,3 2,6 4,8 2,11 1,14 1,18 7}
{0 958_0_961_1,1 3,3 3,5 3,6 6,7 1,8 4,11 1,14 7,16 2,17 2,18 8}
{0 959_0_962_1,3 2,4 1,5 2,6 5,7 1,8 1,11 1,14 8,16 1,18 9}
{0 960_0_963_1,1 1,5 1,6 8,8 4,14 3,16 3,18 8}
{0 961_0_964_1,1 1,6 20,8 3,14 6,16 9,18 11}
{0 962_0_965_1,5 1,6 4,8 1,11 2,14 3,16 2,17 1,18 7}
{0 963_0_966_1,5 1,6 6,8 3,14 1,16 1,18 7}
{0 964_0_967_1,1 1,6 10,7 3,8 4,9 1,16 3,18 11}
{0 965_0_968_1,3 1,5 2,6 5,8 1,14 3,18 9}
{0 966_0_969_1,3 6,6 10,8 3,14 2,17 2,18 8}
{0 95_0_96_1,5 1,6 4,8 3,14 4,18 7}
{0 967_0_970_1,1 3,6 13,8 5,11 1,14 7,16 5,18 11}
{0 968_0_971_1,3 1,5 3,6 5,8 3,14 8,16 2,18 9}
{0 969_0_972_1,3 6,5 3,6 25,8 5,14 2,16 2,18 8}
{0 970_0_973_1,1 1,6 9,7 1,8 4,18 6}
{0 971_0_974_1,8 1,18 2}
{0 972_0_975_1,1 1,5 2,6 4,8 7,14 3,18 8}
{0 973_0_976_1,3 5,6 11,8 2,14 3,16 6,18 8}
{0 974_0_977_1,5 1,6 4,7 1,8 13,9 1,11 1,14 3,16 1,18 7}
{0 975_0_978_1,5 1,6 5,7 1,8 1,14 2,16 1,18 8}
{0 976_0_979_1,1 1,4 1,6 8,7 5,8 3,9 2,14 3,16 1}
{0 96_0_97_1,3 1,5 2,6 4,8 3,11 2,18 8}
{0 977_0_980_1,3 2,5 3,6 3,7 1,8 4,9 2,14 1,16 1,17 1}
{0 978_0_981_1,1 2,3 5,5 1,6 14,8 2,14 3,16 9,18 8}
{0 979_0_982_1,3 2,5 2,6 5,7 1,8 3,11 1,14 8,16 2,18 8}
{0 980_0_983_1,3 4,5 1,6 3,8 13,9 1,14 11,17 1,18 8}
{0 981_0_984_1,1 1,5 2,6 4,7 1,8 3,14 8,16 2,18 8}
{0 982_0_985_1,1 1,3 5,5 1,6 11,8 5,11 1,14 2,17 1,18 9}
{0 983_0_986_1,3 5,4 1,6 12,7 1,8 12,9 1,14 4,16 3,17 2,18 11}
{0 984_0_987_1,3 3,5 2,6 10,7 1,8 1,14 7,16 2,18 8}
{0 985_0_988_1,3 5,6 3,8 6,14 1,18 8}
{0 986_0_989_1,3 1,4 1,6 2,8 1,11 1,14 2,16 1,18 9}
{0 97_0_98_1,1 1,3 1,4 1,6 12,8 6,14 5,16 1,18 11}
{0 987_0_990_1,1 2,3 2,5 1,6 1,8 2,14 4,16 1,18 8}
{0 988_0_991_1,1 1,3 2,5 1,6 6,8 2,14 2,16 6,18 6}
{0 989_0_992_1,3 3,5 3,8 1,14 4,18 5}
{0 990_0_993_1,3 2,5 1,6 10,8 3,16 6,18 9}
{0 991_0_994_1,3 7,5 1,6 16,7 1,8 5,14 3,16 1,17 1,18 9}
{0 992_0_995_1,3 1,5 2,8 1,14 1,18 4}
{0 993_0_996_1,1 1,3 5,5 2,6 2,8 4,14 5,16 1,17 1,18 7}
{0 994_0_997_1,1 2,3 1,5 3,6 13,7 2,8 2,9 2,11 1,14 3,16 2}
{0 995_0_998_1,1 3,5 1,6 15,7 1,8 5,14 6,16 5,18 9}
{0 996_0_999_1,1 1,3 1,6 7,7 3,8 7,9 1,11 1,14 2,16 2,18 12}
{0 98_0_99_1,3 1,5 1,6 10,8 5,14 3,16 1,18 8}
{0 8_0_9_1,6 11,7 2,8 8,9 3,11 1,14 4,18 9}
